C ***************************************************************
MODE N P E H D T S A #
IMP:N 0 1 1 1 1 1 1 1 1 1 1 1 1 1 1 1 1 1 1
IMP:P 0 1 1 1 1 1 1 1 1 1 1 1 1 1 1 1 1 1 1
IMP:E 0 1 1 1 1 1 1 1 1 1 1 1 1 1 1 1 1 1 1
IMP:H 0 1 1 1 1 1 1 1 1 1 1 1 1 1 1 1 1 1 1
IMP:D 0 1 1 1 1 1 1 1 1 1 1 1 1 1 1 1 1 1 1
IMP:T 0 1 1 1 1 1 1 1 1 1 1 1 1 1 1 1 1 1 1
IMP:S 0 1 1 1 1 1 1 1 1 1 1 1 1 1 1 1 1 1 1
IMP:A 0 1 1 1 1 1 1 1 1 1 1 1 1 1 1 1 1 1 1
IMP:# 0 1 1 1 1 1 1 1 1 1 1 1 1 1 1 1 1 1 1
C ***************************************************************
C CUT
cut:#,h,d,t,s,a J 0.005
CUT:N j 0.000000010
CUT:E j 0.015
CUT:P j 0.001
PHYS:# 100 3J 0 J 1 0.65 2J 0 0 0 0.917 J 0 -1
PHYS:a 100 3J 0 J 1 0.65 2J 0 0 0 0.917 J 0 -1
PHYS:d 100 3J 0 J 1 0.65 2J 0 0 0 0.917 J 0 -1
PHYS:t 100 3J 0 J 1 0.65 2J 0 0 0 0.917 J 0 -1
phys:s 100 0 -1 J 0 J 1 J J J 0 0 0 0 J 0 -1
phys:h 100 0 -1 J 0 J 0.8 J J J 0 0 0 0.917 0 -1
phys:n 100 10 0 J J J 2 1
phys:e 100 0 0 0 0 1 1 0 1 0 0 0.917 1.0e-3
TR3 0 0 0 -1 0 0 0 1 0 0 0 -1 1