mcnp       6     10/20/22 18:51:02     2          100000      3387934823
 MCNP Runfile for                                                               
ntal     2
   76  106
tally   76                   -3    0    2
 1 0 1 0 0 0 0 0 1 0 0 0 0 0 0 0 0 0 0 0 0 0 0 0 0 0 0 0 0 0 0 0 0 0 0 0 0
f        1
      7
d        1
u        0
s        0
m        0
c        0
et     103
  1.00000E-03  1.00000E-01  1.99000E-01  2.98000E-01  3.97000E-01  4.96000E-01
  5.95000E-01  6.94000E-01  7.93000E-01  8.92000E-01  9.91000E-01  1.09000E+00
  1.18900E+00  1.28800E+00  1.38700E+00  1.48600E+00  1.58500E+00  1.68400E+00
  1.78300E+00  1.88200E+00  1.98100E+00  2.08000E+00  2.17900E+00  2.27800E+00
  2.37700E+00  2.47600E+00  2.57500E+00  2.67400E+00  2.77300E+00  2.87200E+00
  2.97100E+00  3.07000E+00  3.16900E+00  3.26800E+00  3.36700E+00  3.46600E+00
  3.56500E+00  3.66400E+00  3.76300E+00  3.86200E+00  3.96100E+00  4.06000E+00
  4.15900E+00  4.25800E+00  4.35700E+00  4.45600E+00  4.55500E+00  4.65400E+00
  4.75300E+00  4.85200E+00  4.95100E+00  5.05000E+00  5.14900E+00  5.24800E+00
  5.34700E+00  5.44600E+00  5.54500E+00  5.64400E+00  5.74300E+00  5.84200E+00
  5.94100E+00  6.04000E+00  6.13900E+00  6.23800E+00  6.33700E+00  6.43600E+00
  6.53500E+00  6.63400E+00  6.73300E+00  6.83200E+00  6.93100E+00  7.03000E+00
  7.12900E+00  7.22800E+00  7.32700E+00  7.42600E+00  7.52500E+00  7.62400E+00
  7.72300E+00  7.82200E+00  7.92100E+00  8.02000E+00  8.11900E+00  8.21800E+00
  8.31700E+00  8.41600E+00  8.51500E+00  8.61400E+00  8.71300E+00  8.81200E+00
  8.91100E+00  9.01000E+00  9.10900E+00  9.20800E+00  9.30700E+00  9.40600E+00
  9.50500E+00  9.60400E+00  9.70300E+00  9.80200E+00  9.90100E+00  1.00000E+01
t        0
vals
  4.70855E-05 0.5663  9.30192E-01 0.0237  8.70616E-02 0.0896  5.52566E-02 0.1317
  5.24620E-02 0.2121  4.10843E-02 0.3538  5.63662E-02 0.1572  5.67057E-02 0.0802
  6.09913E-02 0.1369  6.61913E-02 0.1258  6.43102E-02 0.1050  4.65308E-02 0.1198
  6.22751E-02 0.1204  5.06584E-02 0.1984  6.57088E-02 0.0974  1.35396E-01 0.4090
  6.54321E-02 0.1148  7.82715E-02 0.2880  4.32162E-02 0.5609  8.22459E-02 0.0772
  7.86516E-02 0.1489  6.06881E-02 0.1281  7.64098E-02 0.0957  7.60739E-02 0.2310
  1.29590E-01 0.3727  8.39448E-02 0.1420  1.22655E-01 0.2619  1.28657E-02 1.0000
  1.06534E-01 0.2680  6.85323E-02 0.1291  4.87100E-02 0.7475  8.77608E-02 0.1000
  9.05558E-02 0.0570 -2.58040E-02 1.0000  1.86479E-02 1.0000  3.52956E-02 1.0000
  8.45304E-02 0.0609  6.85299E-02 0.1175  1.07664E-02 1.0000  6.45200E-02 0.1162
  5.03815E-02 0.1868  4.79530E-02 0.1850  6.16141E-02 0.1229  7.16060E-02 0.3146
  4.98871E-02 0.1710  3.34580E-02 0.1432  9.68158E-03 0.2475  3.29012E-05 1.0000
  0.00000E+00 0.0000  0.00000E+00 0.0000  0.00000E+00 0.0000  0.00000E+00 0.0000
  0.00000E+00 0.0000  0.00000E+00 0.0000  0.00000E+00 0.0000  0.00000E+00 0.0000
  0.00000E+00 0.0000  0.00000E+00 0.0000  0.00000E+00 0.0000  0.00000E+00 0.0000
  0.00000E+00 0.0000  0.00000E+00 0.0000  0.00000E+00 0.0000  0.00000E+00 0.0000
  0.00000E+00 0.0000  0.00000E+00 0.0000  0.00000E+00 0.0000  0.00000E+00 0.0000
  0.00000E+00 0.0000  0.00000E+00 0.0000  0.00000E+00 0.0000  0.00000E+00 0.0000
  0.00000E+00 0.0000  0.00000E+00 0.0000  0.00000E+00 0.0000  0.00000E+00 0.0000
  0.00000E+00 0.0000  0.00000E+00 0.0000  0.00000E+00 0.0000  0.00000E+00 0.0000
  0.00000E+00 0.0000  0.00000E+00 0.0000  0.00000E+00 0.0000  0.00000E+00 0.0000
  0.00000E+00 0.0000  0.00000E+00 0.0000  0.00000E+00 0.0000  0.00000E+00 0.0000
  0.00000E+00 0.0000  0.00000E+00 0.0000  0.00000E+00 0.0000  0.00000E+00 0.0000
  0.00000E+00 0.0000  0.00000E+00 0.0000  0.00000E+00 0.0000  0.00000E+00 0.0000
  0.00000E+00 0.0000  0.00000E+00 0.0000  0.00000E+00 0.0000  0.00000E+00 0.0000
  0.00000E+00 0.0000  0.00000E+00 0.0000  3.72448E+00 0.0559
tfc   13       1       1       1       1       1       1     103       1
           8000  4.29038E+00  4.08964E-02  1.75748E+03
          16000  3.79789E+00  6.52812E-02  3.40830E+02
          24000  3.90771E+00  4.82854E-02  4.15629E+02
          32000  4.01652E+00  5.28692E-02  2.60746E+02
          40000  3.65074E+00  7.22632E-02  1.11885E+02
          48000  3.72269E+00  6.05984E-02  1.32937E+02
          56000  3.80452E+00  5.17855E-02  1.56221E+02
          64000  3.65509E+00  6.85827E-02  7.79674E+01
          72000  3.63300E+00  6.36839E-02  8.04037E+01
          80000  3.72507E+00  6.44137E-02  7.08081E+01
          88000  3.76262E+00  5.98880E-02  7.45023E+01
          96000  3.76579E+00  5.51873E-02  8.04360E+01
         100000  3.72448E+00  5.58945E-02  7.52905E+01
tally  106                   -3    0    2
 1 0 1 0 0 0 0 0 1 0 0 0 0 0 0 0 0 0 0 0 0 0 0 0 0 0 0 0 0 0 0 0 0 0 0 0 0
f        1
     10
d        1
u        0
s        0
m        0
c        0
et     103
  1.00000E-03  1.00000E-01  1.99000E-01  2.98000E-01  3.97000E-01  4.96000E-01
  5.95000E-01  6.94000E-01  7.93000E-01  8.92000E-01  9.91000E-01  1.09000E+00
  1.18900E+00  1.28800E+00  1.38700E+00  1.48600E+00  1.58500E+00  1.68400E+00
  1.78300E+00  1.88200E+00  1.98100E+00  2.08000E+00  2.17900E+00  2.27800E+00
  2.37700E+00  2.47600E+00  2.57500E+00  2.67400E+00  2.77300E+00  2.87200E+00
  2.97100E+00  3.07000E+00  3.16900E+00  3.26800E+00  3.36700E+00  3.46600E+00
  3.56500E+00  3.66400E+00  3.76300E+00  3.86200E+00  3.96100E+00  4.06000E+00
  4.15900E+00  4.25800E+00  4.35700E+00  4.45600E+00  4.55500E+00  4.65400E+00
  4.75300E+00  4.85200E+00  4.95100E+00  5.05000E+00  5.14900E+00  5.24800E+00
  5.34700E+00  5.44600E+00  5.54500E+00  5.64400E+00  5.74300E+00  5.84200E+00
  5.94100E+00  6.04000E+00  6.13900E+00  6.23800E+00  6.33700E+00  6.43600E+00
  6.53500E+00  6.63400E+00  6.73300E+00  6.83200E+00  6.93100E+00  7.03000E+00
  7.12900E+00  7.22800E+00  7.32700E+00  7.42600E+00  7.52500E+00  7.62400E+00
  7.72300E+00  7.82200E+00  7.92100E+00  8.02000E+00  8.11900E+00  8.21800E+00
  8.31700E+00  8.41600E+00  8.51500E+00  8.61400E+00  8.71300E+00  8.81200E+00
  8.91100E+00  9.01000E+00  9.10900E+00  9.20800E+00  9.30700E+00  9.40600E+00
  9.50500E+00  9.60400E+00  9.70300E+00  9.80200E+00  9.90100E+00  1.00000E+01
t        0
vals
  1.00254E-04 0.5881  7.76837E-01 0.0255  6.53020E-02 0.0856  3.19645E-02 0.3552
  4.09351E-02 0.1458  4.52668E-02 0.2238  3.03905E-02 0.2226  5.48606E-02 0.1133
  5.26978E-02 0.2403  4.67783E-02 0.0755  7.04188E-02 0.2372 -9.77025E-03 1.0000
  5.94683E-02 0.1662  5.29314E-02 0.1151  7.88376E-02 0.2103  3.70106E-02 0.4224
  6.11956E-02 0.1426  8.54869E-02 0.4030  5.28249E-02 0.1001  5.17932E-02 0.1109
  6.40019E-02 0.1349  5.80552E-02 0.2102  5.45025E-02 0.1796  7.27626E-02 0.1363
  3.42792E-02 0.4568  5.87685E-02 0.1478  6.19425E-02 0.1265  5.46739E-02 0.1683
  4.61564E-02 0.1798  5.92592E-02 0.1103  7.69089E-02 0.1697  6.13902E-02 0.3317
  5.15250E-02 0.1086  5.49194E-02 0.1210  4.87719E-02 0.1015  1.23483E-01 0.5549
  3.74917E-02 0.1509  2.43841E-02 0.4014  4.10056E-02 0.0763  1.65418E-02 0.6777
  2.80472E-02 0.2150  3.78670E-02 0.4125  5.73352E-03 1.0000  1.71800E-02 0.1846
  1.45639E-02 0.3026  1.24448E-02 0.1658  7.25005E-04 1.0000  0.00000E+00 0.0000
  0.00000E+00 0.0000  0.00000E+00 0.0000  0.00000E+00 0.0000  0.00000E+00 0.0000
  0.00000E+00 0.0000  0.00000E+00 0.0000  0.00000E+00 0.0000  0.00000E+00 0.0000
  0.00000E+00 0.0000  0.00000E+00 0.0000  0.00000E+00 0.0000  0.00000E+00 0.0000
  0.00000E+00 0.0000  0.00000E+00 0.0000  0.00000E+00 0.0000  0.00000E+00 0.0000
  0.00000E+00 0.0000  0.00000E+00 0.0000  0.00000E+00 0.0000  0.00000E+00 0.0000
  0.00000E+00 0.0000  0.00000E+00 0.0000  0.00000E+00 0.0000  0.00000E+00 0.0000
  0.00000E+00 0.0000  0.00000E+00 0.0000  0.00000E+00 0.0000  0.00000E+00 0.0000
  0.00000E+00 0.0000  0.00000E+00 0.0000  0.00000E+00 0.0000  0.00000E+00 0.0000
  0.00000E+00 0.0000  0.00000E+00 0.0000  0.00000E+00 0.0000  0.00000E+00 0.0000
  0.00000E+00 0.0000  0.00000E+00 0.0000  0.00000E+00 0.0000  0.00000E+00 0.0000
  0.00000E+00 0.0000  0.00000E+00 0.0000  0.00000E+00 0.0000  0.00000E+00 0.0000
  0.00000E+00 0.0000  0.00000E+00 0.0000  0.00000E+00 0.0000  0.00000E+00 0.0000
  0.00000E+00 0.0000  0.00000E+00 0.0000  0.00000E+00 0.0000  0.00000E+00 0.0000
  0.00000E+00 0.0000  0.00000E+00 0.0000  2.90271E+00 0.0363
tfc   13       1       1       1       1       1       1     103       1
           8000  2.65465E+00  9.63712E-02  3.16494E+02
          16000  2.86825E+00  9.08427E-02  1.76008E+02
          24000  2.88498E+00  7.00272E-02  1.97608E+02
          32000  3.13048E+00  8.44629E-02  1.02162E+02
          40000  3.10500E+00  6.98748E-02  1.19664E+02
          48000  2.98859E+00  6.26145E-02  1.24514E+02
          56000  3.00487E+00  5.42017E-02  1.42603E+02
          64000  2.94863E+00  4.90087E-02  1.52685E+02
          72000  2.94297E+00  4.44948E-02  1.64708E+02
          80000  2.97395E+00  4.06927E-02  1.77422E+02
          88000  2.92751E+00  3.98963E-02  1.67875E+02
          96000  2.92268E+00  3.72279E-02  1.76763E+02
         100000  2.90271E+00  3.63474E-02  1.78045E+02
