mcnp       6     10/20/22 18:40:46     2          100000         1189174
 MCNP Runfile for                                                               
ntal     2
   76  106
tally   76                   -3    0    2
 1 0 1 0 0 0 0 0 1 0 0 0 0 0 0 0 0 0 0 0 0 0 0 0 0 0 0 0 0 0 0 0 0 0 0 0 0
f        1
      7
d        1
u        0
s        0
m        0
c        0
et     103
  1.00000E-03  1.00000E-01  1.99000E-01  2.98000E-01  3.97000E-01  4.96000E-01
  5.95000E-01  6.94000E-01  7.93000E-01  8.92000E-01  9.91000E-01  1.09000E+00
  1.18900E+00  1.28800E+00  1.38700E+00  1.48600E+00  1.58500E+00  1.68400E+00
  1.78300E+00  1.88200E+00  1.98100E+00  2.08000E+00  2.17900E+00  2.27800E+00
  2.37700E+00  2.47600E+00  2.57500E+00  2.67400E+00  2.77300E+00  2.87200E+00
  2.97100E+00  3.07000E+00  3.16900E+00  3.26800E+00  3.36700E+00  3.46600E+00
  3.56500E+00  3.66400E+00  3.76300E+00  3.86200E+00  3.96100E+00  4.06000E+00
  4.15900E+00  4.25800E+00  4.35700E+00  4.45600E+00  4.55500E+00  4.65400E+00
  4.75300E+00  4.85200E+00  4.95100E+00  5.05000E+00  5.14900E+00  5.24800E+00
  5.34700E+00  5.44600E+00  5.54500E+00  5.64400E+00  5.74300E+00  5.84200E+00
  5.94100E+00  6.04000E+00  6.13900E+00  6.23800E+00  6.33700E+00  6.43600E+00
  6.53500E+00  6.63400E+00  6.73300E+00  6.83200E+00  6.93100E+00  7.03000E+00
  7.12900E+00  7.22800E+00  7.32700E+00  7.42600E+00  7.52500E+00  7.62400E+00
  7.72300E+00  7.82200E+00  7.92100E+00  8.02000E+00  8.11900E+00  8.21800E+00
  8.31700E+00  8.41600E+00  8.51500E+00  8.61400E+00  8.71300E+00  8.81200E+00
  8.91100E+00  9.01000E+00  9.10900E+00  9.20800E+00  9.30700E+00  9.40600E+00
  9.50500E+00  9.60400E+00  9.70300E+00  9.80200E+00  9.90100E+00  1.00000E+01
t        0
vals
  7.80611E-08 0.3897  7.82070E-05 0.0950  1.76150E-04 0.0868  2.09453E-04 0.0873
  2.57910E-04 0.0859  3.42620E-04 0.0825  3.46046E-04 0.0865  4.42521E-04 0.0820
  6.28247E-04 0.0736  8.32742E-04 0.0700  9.32409E-04 0.0694  1.18401E-02 0.0211
  1.29030E-02 0.0204  1.35510E-02 0.0203  1.41039E-02 0.0203  1.44398E-02 0.0203
  1.47986E-02 0.0203  1.45694E-02 0.0209  1.53664E-02 0.0205  1.58550E-02 0.0206
  1.70070E-02 0.0201  1.70278E-02 0.0203  1.69472E-02 0.0205  1.71475E-02 0.0206
  1.81262E-02 0.0200  1.87717E-02 0.0199  1.84016E-02 0.0204  1.86795E-02 0.0205
  1.97541E-02 0.0201  1.94936E-02 0.0206  2.03326E-02 0.0205  1.97526E-02 0.0205
  2.06462E-02 0.0205  2.16456E-02 0.0204  2.19390E-02 0.0207  2.25621E-02 0.0206
  2.27440E-02 0.0206  2.37165E-02 0.0202  2.28416E-02 0.0207  2.29971E-02 0.0206
  2.35051E-02 0.0203  2.29830E-02 0.0205  2.38037E-02 0.0202  2.26631E-02 0.0208
  2.32658E-02 0.0206  2.25641E-02 0.0208  2.31330E-02 0.0206  2.39618E-02 0.0203
  2.26817E-02 0.0208  2.40940E-02 0.0203  2.41313E-02 0.0204  1.16725E-02 0.0295
  0.00000E+00 0.0000  0.00000E+00 0.0000  0.00000E+00 0.0000  0.00000E+00 0.0000
  0.00000E+00 0.0000  0.00000E+00 0.0000  0.00000E+00 0.0000  0.00000E+00 0.0000
  0.00000E+00 0.0000  0.00000E+00 0.0000  0.00000E+00 0.0000  0.00000E+00 0.0000
  0.00000E+00 0.0000  0.00000E+00 0.0000  0.00000E+00 0.0000  0.00000E+00 0.0000
  0.00000E+00 0.0000  0.00000E+00 0.0000  0.00000E+00 0.0000  0.00000E+00 0.0000
  0.00000E+00 0.0000  0.00000E+00 0.0000  0.00000E+00 0.0000  0.00000E+00 0.0000
  0.00000E+00 0.0000  0.00000E+00 0.0000  0.00000E+00 0.0000  0.00000E+00 0.0000
  0.00000E+00 0.0000  0.00000E+00 0.0000  0.00000E+00 0.0000  0.00000E+00 0.0000
  0.00000E+00 0.0000  0.00000E+00 0.0000  0.00000E+00 0.0000  0.00000E+00 0.0000
  0.00000E+00 0.0000  0.00000E+00 0.0000  0.00000E+00 0.0000  0.00000E+00 0.0000
  0.00000E+00 0.0000  0.00000E+00 0.0000  0.00000E+00 0.0000  0.00000E+00 0.0000
  0.00000E+00 0.0000  0.00000E+00 0.0000  0.00000E+00 0.0000  0.00000E+00 0.0000
  0.00000E+00 0.0000  0.00000E+00 0.0000  8.00666E-01 0.0011
tfc   13       1       1       1       1       1       1     103       1
           8000  8.03514E-01  3.73567E-03  7.56347E+07
          16000  8.04258E-01  2.61875E-03  7.95394E+07
          24000  8.02057E-01  2.14551E-03  8.01551E+07
          32000  8.00859E-01  1.86757E-03  8.00715E+07
          40000  8.01431E-01  1.66495E-03  8.11000E+07
          48000  8.00402E-01  1.52585E-03  8.07935E+07
          56000  8.00891E-01  1.41363E-03  8.09135E+07
          64000  8.01053E-01  1.32320E-03  8.08731E+07
          72000  8.01047E-01  1.24899E-03  8.04654E+07
          80000  8.00937E-01  1.18708E-03  8.02286E+07
          88000  8.01260E-01  1.13110E-03  8.01479E+07
          96000  8.00875E-01  1.08527E-03  7.98896E+07
         100000  8.00666E-01  1.06421E-03  7.97805E+07
tally  106                   -3    0    2
 1 0 1 0 0 0 0 0 1 0 0 0 0 0 0 0 0 0 0 0 0 0 0 0 0 0 0 0 0 0 0 0 0 0 0 0 0
f        1
     10
d        1
u        0
s        0
m        0
c        0
et     103
  1.00000E-03  1.00000E-01  1.99000E-01  2.98000E-01  3.97000E-01  4.96000E-01
  5.95000E-01  6.94000E-01  7.93000E-01  8.92000E-01  9.91000E-01  1.09000E+00
  1.18900E+00  1.28800E+00  1.38700E+00  1.48600E+00  1.58500E+00  1.68400E+00
  1.78300E+00  1.88200E+00  1.98100E+00  2.08000E+00  2.17900E+00  2.27800E+00
  2.37700E+00  2.47600E+00  2.57500E+00  2.67400E+00  2.77300E+00  2.87200E+00
  2.97100E+00  3.07000E+00  3.16900E+00  3.26800E+00  3.36700E+00  3.46600E+00
  3.56500E+00  3.66400E+00  3.76300E+00  3.86200E+00  3.96100E+00  4.06000E+00
  4.15900E+00  4.25800E+00  4.35700E+00  4.45600E+00  4.55500E+00  4.65400E+00
  4.75300E+00  4.85200E+00  4.95100E+00  5.05000E+00  5.14900E+00  5.24800E+00
  5.34700E+00  5.44600E+00  5.54500E+00  5.64400E+00  5.74300E+00  5.84200E+00
  5.94100E+00  6.04000E+00  6.13900E+00  6.23800E+00  6.33700E+00  6.43600E+00
  6.53500E+00  6.63400E+00  6.73300E+00  6.83200E+00  6.93100E+00  7.03000E+00
  7.12900E+00  7.22800E+00  7.32700E+00  7.42600E+00  7.52500E+00  7.62400E+00
  7.72300E+00  7.82200E+00  7.92100E+00  8.02000E+00  8.11900E+00  8.21800E+00
  8.31700E+00  8.41600E+00  8.51500E+00  8.61400E+00  8.71300E+00  8.81200E+00
  8.91100E+00  9.01000E+00  9.10900E+00  9.20800E+00  9.30700E+00  9.40600E+00
  9.50500E+00  9.60400E+00  9.70300E+00  9.80200E+00  9.90100E+00  1.00000E+01
t        0
vals
  7.51555E-08 0.4235  9.25763E-05 0.0827  1.78769E-04 0.0816  1.88789E-04 0.0871
  2.81118E-04 0.0799  3.44528E-04 0.0800  3.44640E-04 0.0827  4.07627E-04 0.0827
  5.52793E-04 0.0773  6.94959E-04 0.0746  7.95018E-04 0.0722  8.68927E-04 0.0719
  8.29060E-04 0.0755  8.20035E-04 0.0786  7.52835E-04 0.0803  7.36465E-04 0.0823
  8.35156E-04 0.0804  7.59225E-04 0.0856  8.50168E-04 0.0854  6.83241E-04 0.0935
  5.73069E-04 0.1007  8.03453E-04 0.0887  6.97001E-04 0.0959  6.77572E-04 0.0999
  7.06323E-04 0.0960  6.65265E-04 0.0987  6.24782E-04 0.1016  7.92802E-04 0.0966
  8.03261E-04 0.0941  6.57807E-04 0.1080  6.84660E-04 0.1108  5.70103E-04 0.1097
  6.10063E-04 0.1192  6.36374E-04 0.1151  6.16428E-04 0.1219  4.93074E-04 0.1331
  7.60171E-04 0.1111  5.73051E-04 0.1262  5.64282E-04 0.1236  4.29058E-04 0.1481
  4.04581E-04 0.1380  3.78153E-04 0.1569  2.47320E-04 0.1641  4.01666E-04 0.1511
  3.97478E-04 0.1484  2.48033E-04 0.1839  2.98252E-04 0.1791  1.15939E-04 0.2683
  1.79285E-04 0.2278  9.19401E-05 0.3073  3.38333E-05 0.5898  9.46074E-06 0.7406
  0.00000E+00 0.0000  0.00000E+00 0.0000  0.00000E+00 0.0000  0.00000E+00 0.0000
  0.00000E+00 0.0000  0.00000E+00 0.0000  0.00000E+00 0.0000  0.00000E+00 0.0000
  0.00000E+00 0.0000  0.00000E+00 0.0000  0.00000E+00 0.0000  0.00000E+00 0.0000
  0.00000E+00 0.0000  0.00000E+00 0.0000  0.00000E+00 0.0000  0.00000E+00 0.0000
  0.00000E+00 0.0000  0.00000E+00 0.0000  0.00000E+00 0.0000  0.00000E+00 0.0000
  0.00000E+00 0.0000  0.00000E+00 0.0000  0.00000E+00 0.0000  0.00000E+00 0.0000
  0.00000E+00 0.0000  0.00000E+00 0.0000  0.00000E+00 0.0000  0.00000E+00 0.0000
  0.00000E+00 0.0000  0.00000E+00 0.0000  0.00000E+00 0.0000  0.00000E+00 0.0000
  0.00000E+00 0.0000  0.00000E+00 0.0000  0.00000E+00 0.0000  0.00000E+00 0.0000
  0.00000E+00 0.0000  0.00000E+00 0.0000  0.00000E+00 0.0000  0.00000E+00 0.0000
  0.00000E+00 0.0000  0.00000E+00 0.0000  0.00000E+00 0.0000  0.00000E+00 0.0000
  0.00000E+00 0.0000  0.00000E+00 0.0000  0.00000E+00 0.0000  0.00000E+00 0.0000
  0.00000E+00 0.0000  0.00000E+00 0.0000  2.67605E-02 0.0153
tfc   13       1       1       1       1       1       1     103       1
           8000  2.71363E-02  5.46552E-02  3.53342E+05
          16000  2.52155E-02  3.93485E-02  3.52302E+05
          24000  2.55757E-02  3.16896E-02  3.67418E+05
          32000  2.59081E-02  2.69942E-02  3.83260E+05
          40000  2.59783E-02  2.42605E-02  3.81963E+05
          48000  2.60347E-02  2.21689E-02  3.82745E+05
          56000  2.61981E-02  2.05150E-02  3.84194E+05
          64000  2.62956E-02  1.91796E-02  3.84923E+05
          72000  2.62661E-02  1.81002E-02  3.83145E+05
          80000  2.64826E-02  1.71327E-02  3.85152E+05
          88000  2.65403E-02  1.63911E-02  3.81657E+05
          96000  2.66940E-02  1.56318E-02  3.85073E+05
         100000  2.67605E-02  1.52900E-02  3.86491E+05
