mcnp       6     09/24/22 13:30:00     2             182            6038
 MCNP Runfile for                                                               
ntal     4
    4    6   14   24
tally    4                   -1    0    0
 1 0 0 0 0 0 0 0 0 0 0 0 0 0 0 0 0 0 0 0 0 0 0 0 0 0 0 0 0 0 0 0 0 0 0 0 0
f        2
      3      4
d        1
u        0
s        0
m        0
c        0
et      11
  1.00000E-01  2.00000E-01  6.00000E-01  8.00000E-01  1.00000E+00  1.20000E+00
  1.40000E+00  1.60000E+00  1.80000E+00  2.00000E+00
t        0
vals
  3.64238E-03 0.2395  7.29843E-04 0.3699  1.96765E-03 0.2462  1.89209E-03 0.2322
  1.09217E-02 0.0850  0.00000E+00 0.0000  0.00000E+00 0.0000  0.00000E+00 0.0000
  0.00000E+00 0.0000  0.00000E+00 0.0000  1.91537E-02 0.0889  0.00000E+00 0.0000
  0.00000E+00 0.0000  0.00000E+00 0.0000  0.00000E+00 0.0000  0.00000E+00 0.0000
  0.00000E+00 0.0000  0.00000E+00 0.0000  0.00000E+00 0.0000  0.00000E+00 0.0000
  0.00000E+00 0.0000  0.00000E+00 0.0000
tfc    1       1       1       1       1       1       1      11       1
            182  1.91537E-02  8.88775E-02  1.63630E+06
tally    6                   -1    0    0
 1 0 0 0 0 0 0 0 0 0 0 0 0 0 0 0 0 0 0 0 0 0 0 0 0 0 0 0 0 0 0 0 0 0 0 0 0
f        2
      3      4
d        1
u        0
s        0
m        0
c        0
et      11
  1.00000E-01  2.00000E-01  6.00000E-01  8.00000E-01  1.00000E+00  1.20000E+00
  1.40000E+00  1.60000E+00  1.80000E+00  2.00000E+00
t        0
vals
  3.27784E-05 0.2939  5.03376E-05 0.3811  2.27019E-04 0.2360  3.15892E-04 0.2313
  2.13277E-03 0.0847  0.00000E+00 0.0000  0.00000E+00 0.0000  0.00000E+00 0.0000
  0.00000E+00 0.0000  0.00000E+00 0.0000  2.75879E-03 0.0792  0.00000E+00 0.0000
  0.00000E+00 0.0000  0.00000E+00 0.0000  0.00000E+00 0.0000  0.00000E+00 0.0000
  0.00000E+00 0.0000  0.00000E+00 0.0000  0.00000E+00 0.0000  0.00000E+00 0.0000
  0.00000E+00 0.0000  0.00000E+00 0.0000
tfc    1       1       1       1       1       1       1      11       1
            182  2.75879E-03  7.91616E-02  2.06261E+06
tally   14                   -1    0    0
 1 0 0 0 0 0 0 0 0 0 0 0 0 0 0 0 0 0 0 0 0 0 0 0 0 0 0 0 0 0 0 0 0 0 0 0 0
f        1
      3
d        1
u        0
s        0
m        0
c        0
et      11
  1.00000E-01  2.00000E-01  6.00000E-01  8.00000E-01  1.00000E+00  1.20000E+00
  1.40000E+00  1.60000E+00  1.80000E+00  2.00000E+00
t        0
vals
  3.64238E-03 0.2395  7.29843E-04 0.3699  1.96765E-03 0.2462  1.89209E-03 0.2322
  1.09217E-02 0.0850  0.00000E+00 0.0000  0.00000E+00 0.0000  0.00000E+00 0.0000
  0.00000E+00 0.0000  0.00000E+00 0.0000  1.91537E-02 0.0889
tfc    1       1       1       1       1       1       1      11       1
            182  1.91537E-02  8.88775E-02  1.63630E+06
tally   24                   -1    0    0
 1 0 0 0 0 0 0 0 0 0 0 0 0 0 0 0 0 0 0 0 0 0 0 0 0 0 0 0 0 0 0 0 0 0 0 0 0
f        1
      4
d        1
u        0
s        0
m        0
c        0
et      11
  1.00000E-01  2.00000E-01  6.00000E-01  8.00000E-01  1.00000E+00  1.20000E+00
  1.40000E+00  1.60000E+00  1.80000E+00  2.00000E+00
t        0
vals
  0.00000E+00 0.0000  0.00000E+00 0.0000  0.00000E+00 0.0000  0.00000E+00 0.0000
  0.00000E+00 0.0000  0.00000E+00 0.0000  0.00000E+00 0.0000  0.00000E+00 0.0000
  0.00000E+00 0.0000  0.00000E+00 0.0000  0.00000E+00 0.0000
tfc    1       1       1       1       1       1       1      11       1
            182  0.00000E+00  0.00000E+00  0.00000E+00
