mcnp       6     09/24/22 13:31:52     2             238            6036
 MCNP Runfile for                                                               
ntal     4
    4    6   14   24
tally    4                   -1    0    0
 1 0 0 0 0 0 0 0 0 0 0 0 0 0 0 0 0 0 0 0 0 0 0 0 0 0 0 0 0 0 0 0 0 0 0 0 0
f        2
      3      4
d        1
u        0
s        0
m        0
c        0
et      11
  1.00000E-01  2.00000E-01  6.00000E-01  8.00000E-01  1.00000E+00  1.20000E+00
  1.40000E+00  1.60000E+00  1.80000E+00  2.00000E+00
t        0
vals
  2.52389E-03 0.2921  5.95541E-04 0.3393  1.74466E-03 0.2592  2.81320E-04 0.4105
  2.76767E-04 0.5581  5.06911E-04 0.3940  7.40184E-04 0.3867  7.94156E-04 0.3146
  9.87152E-04 0.3126  1.17268E-02 0.0747  2.01773E-02 0.0772  0.00000E+00 0.0000
  0.00000E+00 0.0000  0.00000E+00 0.0000  0.00000E+00 0.0000  0.00000E+00 0.0000
  0.00000E+00 0.0000  0.00000E+00 0.0000  0.00000E+00 0.0000  0.00000E+00 0.0000
  0.00000E+00 0.0000  0.00000E+00 0.0000
tfc    1       1       1       1       1       1       1      11       1
            238  2.01773E-02  7.71965E-02  2.14722E+06
tally    6                   -1    0    0
 1 0 0 0 0 0 0 0 0 0 0 0 0 0 0 0 0 0 0 0 0 0 0 0 0 0 0 0 0 0 0 0 0 0 0 0 0
f        2
      3      4
d        1
u        0
s        0
m        0
c        0
et      11
  1.00000E-01  2.00000E-01  6.00000E-01  8.00000E-01  1.00000E+00  1.20000E+00
  1.40000E+00  1.60000E+00  1.80000E+00  2.00000E+00
t        0
vals
  2.28232E-05 0.3201  4.44155E-05 0.3506  2.16815E-04 0.2679  4.75943E-05 0.4129
  5.08874E-05 0.5511  1.07261E-04 0.3960  1.65391E-04 0.3864  1.90322E-04 0.3149
  2.47370E-04 0.3124  3.15785E-03 0.0746  4.25073E-03 0.0684  0.00000E+00 0.0000
  0.00000E+00 0.0000  0.00000E+00 0.0000  0.00000E+00 0.0000  0.00000E+00 0.0000
  0.00000E+00 0.0000  0.00000E+00 0.0000  0.00000E+00 0.0000  0.00000E+00 0.0000
  0.00000E+00 0.0000  0.00000E+00 0.0000
tfc    1       1       1       1       1       1       1      11       1
            238  4.25073E-03  6.84208E-02  2.73335E+06
tally   14                   -1    0    0
 1 0 0 0 0 0 0 0 0 0 0 0 0 0 0 0 0 0 0 0 0 0 0 0 0 0 0 0 0 0 0 0 0 0 0 0 0
f        1
      3
d        1
u        0
s        0
m        0
c        0
et      11
  1.00000E-01  2.00000E-01  6.00000E-01  8.00000E-01  1.00000E+00  1.20000E+00
  1.40000E+00  1.60000E+00  1.80000E+00  2.00000E+00
t        0
vals
  2.52389E-03 0.2921  5.95541E-04 0.3393  1.74466E-03 0.2592  2.81320E-04 0.4105
  2.76767E-04 0.5581  5.06911E-04 0.3940  7.40184E-04 0.3867  7.94156E-04 0.3146
  9.87152E-04 0.3126  1.17268E-02 0.0747  2.01773E-02 0.0772
tfc    1       1       1       1       1       1       1      11       1
            238  2.01773E-02  7.71965E-02  2.14722E+06
tally   24                   -1    0    0
 1 0 0 0 0 0 0 0 0 0 0 0 0 0 0 0 0 0 0 0 0 0 0 0 0 0 0 0 0 0 0 0 0 0 0 0 0
f        1
      4
d        1
u        0
s        0
m        0
c        0
et      11
  1.00000E-01  2.00000E-01  6.00000E-01  8.00000E-01  1.00000E+00  1.20000E+00
  1.40000E+00  1.60000E+00  1.80000E+00  2.00000E+00
t        0
vals
  0.00000E+00 0.0000  0.00000E+00 0.0000  0.00000E+00 0.0000  0.00000E+00 0.0000
  0.00000E+00 0.0000  0.00000E+00 0.0000  0.00000E+00 0.0000  0.00000E+00 0.0000
  0.00000E+00 0.0000  0.00000E+00 0.0000  0.00000E+00 0.0000
tfc    1       1       1       1       1       1       1      11       1
            238  0.00000E+00  0.00000E+00  0.00000E+00
