mcnp       6     10/18/22 08:43:19     2          100000      5529384933
 MCNP Runfile for                                                               
ntal     2
  166  176
tally  166                   -3    0    2
 1 0 1 0 0 0 0 0 1 0 0 0 0 0 0 0 0 0 0 0 0 0 0 0 0 0 0 0 0 0 0 0 0 0 0 0 0
f        1
     16
d        1
u        0
s        0
m        0
c        0
et     103
  1.00000E-03  1.00000E-01  1.99000E-01  2.98000E-01  3.97000E-01  4.96000E-01
  5.95000E-01  6.94000E-01  7.93000E-01  8.92000E-01  9.91000E-01  1.09000E+00
  1.18900E+00  1.28800E+00  1.38700E+00  1.48600E+00  1.58500E+00  1.68400E+00
  1.78300E+00  1.88200E+00  1.98100E+00  2.08000E+00  2.17900E+00  2.27800E+00
  2.37700E+00  2.47600E+00  2.57500E+00  2.67400E+00  2.77300E+00  2.87200E+00
  2.97100E+00  3.07000E+00  3.16900E+00  3.26800E+00  3.36700E+00  3.46600E+00
  3.56500E+00  3.66400E+00  3.76300E+00  3.86200E+00  3.96100E+00  4.06000E+00
  4.15900E+00  4.25800E+00  4.35700E+00  4.45600E+00  4.55500E+00  4.65400E+00
  4.75300E+00  4.85200E+00  4.95100E+00  5.05000E+00  5.14900E+00  5.24800E+00
  5.34700E+00  5.44600E+00  5.54500E+00  5.64400E+00  5.74300E+00  5.84200E+00
  5.94100E+00  6.04000E+00  6.13900E+00  6.23800E+00  6.33700E+00  6.43600E+00
  6.53500E+00  6.63400E+00  6.73300E+00  6.83200E+00  6.93100E+00  7.03000E+00
  7.12900E+00  7.22800E+00  7.32700E+00  7.42600E+00  7.52500E+00  7.62400E+00
  7.72300E+00  7.82200E+00  7.92100E+00  8.02000E+00  8.11900E+00  8.21800E+00
  8.31700E+00  8.41600E+00  8.51500E+00  8.61400E+00  8.71300E+00  8.81200E+00
  8.91100E+00  9.01000E+00  9.10900E+00  9.20800E+00  9.30700E+00  9.40600E+00
  9.50500E+00  9.60400E+00  9.70300E+00  9.80200E+00  9.90100E+00  1.00000E+01
t        0
vals
  6.12602E-06 0.2319  4.53097E-02 0.0400  4.31243E-03 0.0946  2.78770E-03 0.1325
  2.43527E-03 0.1595  1.75471E-03 0.2199  1.34872E-03 0.1897  1.82585E-03 0.2478
  1.17189E-03 0.2273  1.64666E-03 0.3303  2.52592E-03 0.3409  5.36873E-04 0.3471
  2.19654E-03 0.4095  1.01016E-03 0.2043  1.21128E-03 0.2941  9.58519E-04 0.2436
  8.88968E-04 0.4877  9.39174E-04 0.2034  1.76797E-03 0.5718  1.12794E-03 0.2259
  1.04995E-03 0.2814  2.06965E-03 0.5339  2.10757E-03 0.3493  1.62864E-03 0.4401
  9.14136E-04 0.2384  1.08152E-03 0.2246  1.15238E-03 0.3544  9.77018E-04 0.7525
  1.43084E-03 0.2168  1.12582E-03 0.4174  1.62157E-03 0.4424  9.07233E-04 0.8828
  1.27228E-03 0.1983  1.41199E-03 0.2652  1.01223E-03 0.2329  8.44571E-04 0.3347
  5.70561E-04 0.6361  1.01245E-03 0.2534  1.06758E-03 0.2129  1.13933E-03 0.2252
  7.80510E-04 0.3745  1.11390E-03 0.2349  6.80184E-04 0.3588  9.52985E-04 0.2390
  6.42655E-04 0.3940  9.90546E-04 0.2516  1.49113E-03 0.4252  2.70507E-03 0.6013
  9.98858E-04 0.2580  1.11128E-03 0.7976  5.23646E-04 0.3021  1.14652E-03 0.2705
  1.39992E-03 0.3381 -8.69296E-04 1.0000  1.34122E-03 0.3610  1.32655E-03 0.2765
  3.86705E-04 1.0000  6.93647E-04 0.2737  6.40126E-04 0.3134  1.41592E-03 0.6193
  8.89510E-04 0.3840  4.01762E-04 0.4074  9.66225E-04 0.3086  7.46879E-04 0.2973
  5.59310E-04 0.3205  8.23335E-04 0.2636  6.10317E-04 0.2836  7.78061E-04 0.2716
  8.67578E-04 0.3223  8.11046E-04 0.2572  8.91950E-04 0.8739  9.08854E-04 0.3819
  8.51610E-04 0.4794  4.27943E-04 0.3354  3.21265E-04 1.0000  1.51260E-03 0.4606
  1.15721E-03 0.6773  9.65041E-04 0.3986  2.77492E-03 0.5157  3.73577E-04 0.4699
  7.49351E-04 0.4042  5.90848E-04 0.6682  6.11572E-04 0.3251  1.36828E-03 0.5767
  5.95592E-04 0.3531  1.50885E-03 0.4919  6.48082E-04 0.3366  2.95517E-03 0.7721
  1.85191E-04 1.0000  4.51064E-04 0.3900  7.10861E-04 0.6101  3.19476E-04 0.9238
  1.81109E-03 0.6864  6.40939E-04 0.3395  3.69463E-04 0.4272  2.84860E-03 0.8193
  2.30128E-04 0.5666  9.07620E-04 0.5406  7.69707E-04 0.6591  9.60623E-06 1.0000
  5.88704E-04 0.3913  2.03419E-04 0.6334  1.56344E-01 0.0496
tfc   13       1       1       1       1       1       1     103       1
           8000  1.19169E-01  2.12384E-01  3.40479E+01
          16000  1.57639E-01  1.14727E-01  5.80784E+01
          24000  1.48642E-01  9.13495E-02  6.11644E+01
          32000  1.41025E-01  7.87929E-02  6.16165E+01
          40000  1.40409E-01  6.87734E-02  6.45418E+01
          48000  1.39018E-01  6.17978E-02  6.63473E+01
          56000  1.44263E-01  5.86255E-02  6.29583E+01
          64000  1.53986E-01  6.34625E-02  4.69737E+01
          72000  1.56569E-01  5.84098E-02  4.92349E+01
          80000  1.55855E-01  5.47903E-02  5.03967E+01
          88000  1.56297E-01  5.35400E-02  4.79992E+01
          96000  1.56228E-01  5.10646E-02  4.83765E+01
         100000  1.56344E-01  4.96140E-02  4.91801E+01
tally  176                   -3    0    2
 1 0 1 0 0 0 0 0 1 0 0 0 0 0 0 0 0 0 0 0 0 0 0 0 0 0 0 0 0 0 0 0 0 0 0 0 0
f        1
     17
d        1
u        0
s        0
m        0
c        0
et     103
  1.00000E-03  1.00000E-01  1.99000E-01  2.98000E-01  3.97000E-01  4.96000E-01
  5.95000E-01  6.94000E-01  7.93000E-01  8.92000E-01  9.91000E-01  1.09000E+00
  1.18900E+00  1.28800E+00  1.38700E+00  1.48600E+00  1.58500E+00  1.68400E+00
  1.78300E+00  1.88200E+00  1.98100E+00  2.08000E+00  2.17900E+00  2.27800E+00
  2.37700E+00  2.47600E+00  2.57500E+00  2.67400E+00  2.77300E+00  2.87200E+00
  2.97100E+00  3.07000E+00  3.16900E+00  3.26800E+00  3.36700E+00  3.46600E+00
  3.56500E+00  3.66400E+00  3.76300E+00  3.86200E+00  3.96100E+00  4.06000E+00
  4.15900E+00  4.25800E+00  4.35700E+00  4.45600E+00  4.55500E+00  4.65400E+00
  4.75300E+00  4.85200E+00  4.95100E+00  5.05000E+00  5.14900E+00  5.24800E+00
  5.34700E+00  5.44600E+00  5.54500E+00  5.64400E+00  5.74300E+00  5.84200E+00
  5.94100E+00  6.04000E+00  6.13900E+00  6.23800E+00  6.33700E+00  6.43600E+00
  6.53500E+00  6.63400E+00  6.73300E+00  6.83200E+00  6.93100E+00  7.03000E+00
  7.12900E+00  7.22800E+00  7.32700E+00  7.42600E+00  7.52500E+00  7.62400E+00
  7.72300E+00  7.82200E+00  7.92100E+00  8.02000E+00  8.11900E+00  8.21800E+00
  8.31700E+00  8.41600E+00  8.51500E+00  8.61400E+00  8.71300E+00  8.81200E+00
  8.91100E+00  9.01000E+00  9.10900E+00  9.20800E+00  9.30700E+00  9.40600E+00
  9.50500E+00  9.60400E+00  9.70300E+00  9.80200E+00  9.90100E+00  1.00000E+01
t        0
vals
  1.42326E-05 0.0087  1.83850E-01 0.0017  2.12125E-02 0.0024  1.47747E-02 0.0029
  1.22466E-02 0.0033  1.08886E-02 0.0037  1.00597E-02 0.0041  9.48645E-03 0.0046
  9.03265E-03 0.0050  8.83588E-03 0.0052  8.42322E-03 0.0056  8.22371E-03 0.0060
  8.06051E-03 0.0063  7.88334E-03 0.0065  7.71084E-03 0.0070  7.54947E-03 0.0071
  7.33344E-03 0.0075  7.31014E-03 0.0075  7.24507E-03 0.0080  7.05111E-03 0.0082
  6.94466E-03 0.0081  6.79563E-03 0.0091  6.69731E-03 0.0085  6.48157E-03 0.0093
  6.52278E-03 0.0095  6.20839E-03 0.0100  6.26637E-03 0.0102  5.93945E-03 0.0107
  6.04310E-03 0.0106  5.79499E-03 0.0115  5.67431E-03 0.0114  5.93380E-03 0.0117
  5.28803E-03 0.0124  5.35948E-03 0.0115  5.25917E-03 0.0122  5.02062E-03 0.0132
  5.07754E-03 0.0134  4.90937E-03 0.0128  4.66407E-03 0.0139  4.70810E-03 0.0142
  4.63684E-03 0.0145  4.32273E-03 0.0151  4.44748E-03 0.0154  4.33708E-03 0.0160
  4.15480E-03 0.0156  3.88347E-03 0.0160  3.97615E-03 0.0155  3.98372E-03 0.0173
  3.85288E-03 0.0169  3.65390E-03 0.0173  3.69492E-03 0.0178  3.57208E-03 0.0194
  3.62115E-03 0.0197  3.25414E-03 0.0206  3.29063E-03 0.0191  3.32787E-03 0.0209
  3.15025E-03 0.0215  3.04534E-03 0.0206  2.90031E-03 0.0224  2.97937E-03 0.0224
  2.83401E-03 0.0230  2.91261E-03 0.0234  2.74591E-03 0.0222  2.41273E-03 0.0252
  2.46795E-03 0.0242  2.58107E-03 0.0256  2.34133E-03 0.0253  2.32292E-03 0.0282
  2.24460E-03 0.0262  2.11716E-03 0.0265  2.17357E-03 0.0254  2.14407E-03 0.0276
  2.02733E-03 0.0276  2.03013E-03 0.0291  2.02991E-03 0.0296  1.70736E-03 0.0304
  1.70305E-03 0.0338  1.85772E-03 0.0318  1.73881E-03 0.0310  1.68764E-03 0.0350
  1.60759E-03 0.0313  1.64089E-03 0.0337  1.41592E-03 0.0359  1.54697E-03 0.0375
  1.54060E-03 0.0339  1.29396E-03 0.0396  1.38480E-03 0.0359  1.22472E-03 0.0416
  1.36553E-03 0.0413  1.27263E-03 0.0444  1.25093E-03 0.0389  1.20704E-03 0.0406
  1.25553E-03 0.0405  1.15710E-03 0.0499  1.10362E-03 0.0428  1.02079E-03 0.0451
  1.01656E-03 0.0482  8.71798E-04 0.0504  9.84161E-04 0.0518  9.76695E-04 0.0503
  9.40718E-04 0.0451  9.21890E-04 0.0598  6.17947E-01 0.0018
tfc   13       1       1       1       1       1       1     103       1
           8000  6.09681E-01  6.30994E-03  3.85729E+04
          16000  6.15287E-01  4.48937E-03  3.79294E+04
          24000  6.15064E-01  3.67429E-03  3.78064E+04
          32000  6.14392E-01  3.17914E-03  3.78488E+04
          40000  6.16016E-01  2.84674E-03  3.76693E+04
          48000  6.16879E-01  2.58935E-03  3.77911E+04
          56000  6.17889E-01  2.39656E-03  3.76746E+04
          64000  6.17506E-01  2.24082E-03  3.76770E+04
          72000  6.17157E-01  2.11583E-03  3.75218E+04
          80000  6.16960E-01  2.00916E-03  3.74784E+04
          88000  6.17296E-01  1.91563E-03  3.74943E+04
          96000  6.17707E-01  1.83558E-03  3.74393E+04
         100000  6.17947E-01  1.79949E-03  3.73852E+04
