mcnp       6     10/10/22 14:19:45     2         1000000        71563158
 MCNP Runfile for                                                               
ntal     5
    6   56   66   76   86
tally    6                   -1    0    2
 1 0 0 0 0 0 0 0 0 0 0 0 0 0 0 0 0 0 0 0 0 0 0 0 0 0 0 0 0 0 0 0 0 0 0 0 0
f        1
     16
d        1
u        0
s        0
m        0
c        0
e        0
t        0
vals
  1.64546E-03 0.0025
tfc   16       1       1       1       1       1       1       1       1
          64000  1.68063E-03  9.88696E-03  9.65024E+05
         128000  1.66520E-03  7.03294E-03  9.59810E+05
         192000  1.65825E-03  5.75537E-03  9.56365E+05
         256000  1.65320E-03  4.97756E-03  9.55698E+05
         320000  1.65412E-03  4.44671E-03  9.59308E+05
         384000  1.65157E-03  4.06193E-03  9.61164E+05
         448000  1.64714E-03  3.76199E-03  9.60094E+05
         512000  1.64712E-03  3.51644E-03  9.61153E+05
         576000  1.64524E-03  3.31786E-03  9.61232E+05
         640000  1.64447E-03  3.14709E-03  9.60627E+05
         704000  1.64416E-03  3.00236E-03  9.58922E+05
         768000  1.64441E-03  2.87294E-03  9.58618E+05
         832000  1.64565E-03  2.75995E-03  9.58407E+05
         896000  1.64402E-03  2.66072E-03  9.57609E+05
         960000  1.64680E-03  2.56897E-03  9.58672E+05
        1000000  1.64546E-03  2.51838E-03  9.57439E+05
tally   56                   -1    0    0
 1 0 0 0 0 0 0 0 0 0 0 0 0 0 0 0 0 0 0 0 0 0 0 0 0 0 0 0 0 0 0 0 0 0 0 0 0
f        1
     15
d        1
u        0
s        0
m        0
c        0
et     103
  1.00000E-03  1.00000E-01  1.99000E-01  2.98000E-01  3.97000E-01  4.96000E-01
  5.95000E-01  6.94000E-01  7.93000E-01  8.92000E-01  9.91000E-01  1.09000E+00
  1.18900E+00  1.28800E+00  1.38700E+00  1.48600E+00  1.58500E+00  1.68400E+00
  1.78300E+00  1.88200E+00  1.98100E+00  2.08000E+00  2.17900E+00  2.27800E+00
  2.37700E+00  2.47600E+00  2.57500E+00  2.67400E+00  2.77300E+00  2.87200E+00
  2.97100E+00  3.07000E+00  3.16900E+00  3.26800E+00  3.36700E+00  3.46600E+00
  3.56500E+00  3.66400E+00  3.76300E+00  3.86200E+00  3.96100E+00  4.06000E+00
  4.15900E+00  4.25800E+00  4.35700E+00  4.45600E+00  4.55500E+00  4.65400E+00
  4.75300E+00  4.85200E+00  4.95100E+00  5.05000E+00  5.14900E+00  5.24800E+00
  5.34700E+00  5.44600E+00  5.54500E+00  5.64400E+00  5.74300E+00  5.84200E+00
  5.94100E+00  6.04000E+00  6.13900E+00  6.23800E+00  6.33700E+00  6.43600E+00
  6.53500E+00  6.63400E+00  6.73300E+00  6.83200E+00  6.93100E+00  7.03000E+00
  7.12900E+00  7.22800E+00  7.32700E+00  7.42600E+00  7.52500E+00  7.62400E+00
  7.72300E+00  7.82200E+00  7.92100E+00  8.02000E+00  8.11900E+00  8.21800E+00
  8.31700E+00  8.41600E+00  8.51500E+00  8.61400E+00  8.71300E+00  8.81200E+00
  8.91100E+00  9.01000E+00  9.10900E+00  9.20800E+00  9.30700E+00  9.40600E+00
  9.50500E+00  9.60400E+00  9.70300E+00  9.80200E+00  9.90100E+00  1.00000E+01
t        0
vals
  2.46172E-07 0.0086  4.07040E-05 0.0059  4.59007E-05 0.0078  4.93231E-05 0.0087
  5.32377E-05 0.0092  5.39054E-05 0.0098  5.30680E-05 0.0102  5.44159E-05 0.0104
  5.85046E-05 0.0105  6.07980E-05 0.0107  6.07043E-05 0.0112  6.35773E-05 0.0113
  5.97852E-05 0.0116  6.31036E-05 0.0115  6.09437E-05 0.0120  6.06996E-05 0.0120
  6.07128E-05 0.0123  6.05124E-05 0.0125  5.87247E-05 0.0128  5.95667E-05 0.0130
  5.99064E-05 0.0130  5.73923E-05 0.0134  5.77590E-05 0.0135  5.67906E-05 0.0138
  5.46236E-05 0.0140  5.51690E-05 0.0141  5.73277E-05 0.0142  5.64476E-05 0.0145
  5.37228E-05 0.0148  5.07580E-05 0.0154  4.89027E-05 0.0159  4.97986E-05 0.0157
  4.84971E-05 0.0161  4.75663E-05 0.0165  4.59805E-05 0.0170  4.37311E-05 0.0176
  4.18634E-05 0.0179  4.08983E-05 0.0182  3.92097E-05 0.0187  3.90223E-05 0.0187
  3.80065E-05 0.0190  3.74301E-05 0.0190  3.76081E-05 0.0194  3.54382E-05 0.0201
  3.44363E-05 0.0205  3.17707E-05 0.0211  3.30702E-05 0.0209  3.21140E-05 0.0213
  2.94387E-05 0.0222  2.98369E-05 0.0222  2.79067E-05 0.0230  2.78843E-05 0.0234
  2.85926E-05 0.0237  2.54162E-05 0.0242  2.46497E-05 0.0246  2.14101E-05 0.0262
  2.26503E-05 0.0256  2.31733E-05 0.0257  2.24490E-05 0.0264  2.02039E-05 0.0275
  2.09028E-05 0.0277  1.91082E-05 0.0288  1.87722E-05 0.0292  1.79691E-05 0.0296
  1.64765E-05 0.0311  1.59889E-05 0.0322  1.50630E-05 0.0328  1.63172E-05 0.0321
  1.51050E-05 0.0333  1.40300E-05 0.0343  1.38666E-05 0.0345  1.39612E-05 0.0341
  1.31581E-05 0.0360  1.34299E-05 0.0365  1.24073E-05 0.0375  1.10382E-05 0.0392
  1.13375E-05 0.0387  1.04258E-05 0.0403  9.46842E-06 0.0424  8.78461E-06 0.0441
  8.66302E-06 0.0450  9.60948E-06 0.0422  7.84226E-06 0.0465  8.86798E-06 0.0443
  8.43627E-06 0.0461  8.41727E-06 0.0458  7.88562E-06 0.0476  7.22005E-06 0.0494
  6.93264E-06 0.0509  6.98684E-06 0.0515  6.49868E-06 0.0531  6.77472E-06 0.0511
  5.44489E-06 0.0571  5.72641E-06 0.0561  5.45349E-06 0.0571  5.37309E-06 0.0582
  5.17657E-06 0.0603  4.75946E-06 0.0623  4.51027E-06 0.0640  4.30665E-06 0.0665
  4.37196E-06 0.0659  4.17977E-06 0.0683  3.09833E-03 0.0018
tfc   16       1       1       1       1       1       1     103       1
          64000  3.12451E-03  7.14511E-03  1.84776E+06
         128000  3.10548E-03  5.08583E-03  1.83542E+06
         192000  3.10834E-03  4.15841E-03  1.83196E+06
         256000  3.10814E-03  3.59877E-03  1.82830E+06
         320000  3.10721E-03  3.21876E-03  1.83087E+06
         384000  3.10462E-03  2.93946E-03  1.83539E+06
         448000  3.10140E-03  2.72205E-03  1.83382E+06
         512000  3.09922E-03  2.54744E-03  1.83143E+06
         576000  3.09644E-03  2.40374E-03  1.83135E+06
         640000  3.09616E-03  2.27956E-03  1.83093E+06
         704000  3.09557E-03  2.17246E-03  1.83149E+06
         768000  3.09516E-03  2.08013E-03  1.82860E+06
         832000  3.09735E-03  1.99903E-03  1.82689E+06
         896000  3.09649E-03  1.92679E-03  1.82608E+06
         960000  3.09834E-03  1.86059E-03  1.82763E+06
        1000000  3.09833E-03  1.82300E-03  1.82718E+06
tally   66                   -1    0    0
 1 0 0 0 0 0 0 0 0 0 0 0 0 0 0 0 0 0 0 0 0 0 0 0 0 0 0 0 0 0 0 0 0 0 0 0 0
f        1
     16
d        1
u        0
s        0
m        0
c        0
et     103
  1.00000E-03  1.00000E-01  1.99000E-01  2.98000E-01  3.97000E-01  4.96000E-01
  5.95000E-01  6.94000E-01  7.93000E-01  8.92000E-01  9.91000E-01  1.09000E+00
  1.18900E+00  1.28800E+00  1.38700E+00  1.48600E+00  1.58500E+00  1.68400E+00
  1.78300E+00  1.88200E+00  1.98100E+00  2.08000E+00  2.17900E+00  2.27800E+00
  2.37700E+00  2.47600E+00  2.57500E+00  2.67400E+00  2.77300E+00  2.87200E+00
  2.97100E+00  3.07000E+00  3.16900E+00  3.26800E+00  3.36700E+00  3.46600E+00
  3.56500E+00  3.66400E+00  3.76300E+00  3.86200E+00  3.96100E+00  4.06000E+00
  4.15900E+00  4.25800E+00  4.35700E+00  4.45600E+00  4.55500E+00  4.65400E+00
  4.75300E+00  4.85200E+00  4.95100E+00  5.05000E+00  5.14900E+00  5.24800E+00
  5.34700E+00  5.44600E+00  5.54500E+00  5.64400E+00  5.74300E+00  5.84200E+00
  5.94100E+00  6.04000E+00  6.13900E+00  6.23800E+00  6.33700E+00  6.43600E+00
  6.53500E+00  6.63400E+00  6.73300E+00  6.83200E+00  6.93100E+00  7.03000E+00
  7.12900E+00  7.22800E+00  7.32700E+00  7.42600E+00  7.52500E+00  7.62400E+00
  7.72300E+00  7.82200E+00  7.92100E+00  8.02000E+00  8.11900E+00  8.21800E+00
  8.31700E+00  8.41600E+00  8.51500E+00  8.61400E+00  8.71300E+00  8.81200E+00
  8.91100E+00  9.01000E+00  9.10900E+00  9.20800E+00  9.30700E+00  9.40600E+00
  9.50500E+00  9.60400E+00  9.70300E+00  9.80200E+00  9.90100E+00  1.00000E+01
t        0
vals
  1.96072E-07 0.0099  2.60327E-05 0.0074  2.73968E-05 0.0101  2.78449E-05 0.0115
  3.03742E-05 0.0122  2.87754E-05 0.0134  2.91808E-05 0.0134  2.97937E-05 0.0137
  3.04611E-05 0.0141  3.13799E-05 0.0144  3.10774E-05 0.0150  3.14692E-05 0.0155
  3.10941E-05 0.0156  3.31326E-05 0.0154  2.96648E-05 0.0164  3.19619E-05 0.0159
  3.13020E-05 0.0165  3.07990E-05 0.0168  3.03949E-05 0.0170  3.03904E-05 0.0174
  2.95830E-05 0.0176  2.97137E-05 0.0176  2.98732E-05 0.0180  2.92033E-05 0.0182
  2.86763E-05 0.0182  2.92060E-05 0.0185  2.93767E-05 0.0187  2.86322E-05 0.0192
  2.76133E-05 0.0199  2.58918E-05 0.0207  2.52045E-05 0.0207  2.53155E-05 0.0210
  2.45815E-05 0.0215  2.40337E-05 0.0222  2.35787E-05 0.0226  2.16551E-05 0.0237
  2.04486E-05 0.0245  2.05235E-05 0.0243  2.00792E-05 0.0250  1.96456E-05 0.0251
  1.90052E-05 0.0253  1.89760E-05 0.0255  1.84494E-05 0.0258  1.82686E-05 0.0266
  1.73448E-05 0.0276  1.58138E-05 0.0281  1.68202E-05 0.0275  1.60035E-05 0.0283
  1.47321E-05 0.0291  1.50479E-05 0.0294  1.42892E-05 0.0303  1.42941E-05 0.0305
  1.43399E-05 0.0316  1.28460E-05 0.0319  1.23794E-05 0.0323  1.05844E-05 0.0353
  1.14342E-05 0.0339  1.18541E-05 0.0338  1.08145E-05 0.0356  1.05859E-05 0.0358
  9.90226E-06 0.0374  9.01669E-06 0.0392  8.82661E-06 0.0392  9.08155E-06 0.0391
  8.32237E-06 0.0408  7.82255E-06 0.0429  7.80208E-06 0.0424  8.28603E-06 0.0423
  7.88558E-06 0.0432  7.37556E-06 0.0453  6.90710E-06 0.0458  7.08848E-06 0.0455
  6.25733E-06 0.0482  6.71234E-06 0.0484  6.58430E-06 0.0484  5.48578E-06 0.0519
  5.63726E-06 0.0511  5.22132E-06 0.0530  4.68851E-06 0.0560  4.29873E-06 0.0585
  4.24863E-06 0.0596  4.56087E-06 0.0566  3.64807E-06 0.0631  4.49547E-06 0.0588
  4.36467E-06 0.0596  4.32726E-06 0.0598  3.94718E-06 0.0634  4.00377E-06 0.0634
  3.45036E-06 0.0685  3.42376E-06 0.0677  3.06259E-06 0.0719  3.53383E-06 0.0669
  2.82444E-06 0.0748  3.04300E-06 0.0724  3.13550E-06 0.0724  2.64488E-06 0.0776
  2.71872E-06 0.0766  2.55611E-06 0.0797  2.39284E-06 0.0835  2.11946E-06 0.0906
  2.27650E-06 0.0857  1.82829E-06 0.0956  1.59525E-03 0.0025
tfc   16       1       1       1       1       1       1     103       1
          64000  1.62765E-03  9.97202E-03  9.48632E+05
         128000  1.61456E-03  7.09068E-03  9.44241E+05
         192000  1.60674E-03  5.80205E-03  9.41040E+05
         256000  1.60238E-03  5.01580E-03  9.41183E+05
         320000  1.60391E-03  4.47997E-03  9.45117E+05
         384000  1.60115E-03  4.09029E-03  9.47881E+05
         448000  1.59677E-03  3.78828E-03  9.46815E+05
         512000  1.59620E-03  3.54160E-03  9.47543E+05
         576000  1.59459E-03  3.34195E-03  9.47428E+05
         640000  1.59355E-03  3.17009E-03  9.46741E+05
         704000  1.59348E-03  3.02463E-03  9.44852E+05
         768000  1.59418E-03  2.89394E-03  9.44755E+05
         832000  1.59536E-03  2.78030E-03  9.44425E+05
         896000  1.59382E-03  2.68043E-03  9.43582E+05
         960000  1.59640E-03  2.58807E-03  9.44576E+05
        1000000  1.59525E-03  2.53720E-03  9.43292E+05
tally   76                   -1    0    0
 1 0 0 0 0 0 0 0 0 0 0 0 0 0 0 0 0 0 0 0 0 0 0 0 0 0 0 0 0 0 0 0 0 0 0 0 0
f        1
     17
d        1
u        0
s        0
m        0
c        0
et     103
  1.00000E-03  1.00000E-01  1.99000E-01  2.98000E-01  3.97000E-01  4.96000E-01
  5.95000E-01  6.94000E-01  7.93000E-01  8.92000E-01  9.91000E-01  1.09000E+00
  1.18900E+00  1.28800E+00  1.38700E+00  1.48600E+00  1.58500E+00  1.68400E+00
  1.78300E+00  1.88200E+00  1.98100E+00  2.08000E+00  2.17900E+00  2.27800E+00
  2.37700E+00  2.47600E+00  2.57500E+00  2.67400E+00  2.77300E+00  2.87200E+00
  2.97100E+00  3.07000E+00  3.16900E+00  3.26800E+00  3.36700E+00  3.46600E+00
  3.56500E+00  3.66400E+00  3.76300E+00  3.86200E+00  3.96100E+00  4.06000E+00
  4.15900E+00  4.25800E+00  4.35700E+00  4.45600E+00  4.55500E+00  4.65400E+00
  4.75300E+00  4.85200E+00  4.95100E+00  5.05000E+00  5.14900E+00  5.24800E+00
  5.34700E+00  5.44600E+00  5.54500E+00  5.64400E+00  5.74300E+00  5.84200E+00
  5.94100E+00  6.04000E+00  6.13900E+00  6.23800E+00  6.33700E+00  6.43600E+00
  6.53500E+00  6.63400E+00  6.73300E+00  6.83200E+00  6.93100E+00  7.03000E+00
  7.12900E+00  7.22800E+00  7.32700E+00  7.42600E+00  7.52500E+00  7.62400E+00
  7.72300E+00  7.82200E+00  7.92100E+00  8.02000E+00  8.11900E+00  8.21800E+00
  8.31700E+00  8.41600E+00  8.51500E+00  8.61400E+00  8.71300E+00  8.81200E+00
  8.91100E+00  9.01000E+00  9.10900E+00  9.20800E+00  9.30700E+00  9.40600E+00
  9.50500E+00  9.60400E+00  9.70300E+00  9.80200E+00  9.90100E+00  1.00000E+01
t        0
vals
  1.86905E-07 0.0108  2.21001E-05 0.0090  2.26038E-05 0.0123  2.22781E-05 0.0142
  2.28622E-05 0.0153  2.11502E-05 0.0167  2.29726E-05 0.0167  2.32580E-05 0.0173
  2.34437E-05 0.0180  2.31503E-05 0.0185  2.21481E-05 0.0197  2.19123E-05 0.0201
  2.30293E-05 0.0199  2.39105E-05 0.0199  2.20579E-05 0.0213  2.40400E-05 0.0207
  2.29259E-05 0.0213  2.30713E-05 0.0214  2.25220E-05 0.0221  2.20991E-05 0.0225
  2.19292E-05 0.0228  2.33436E-05 0.0227  2.29610E-05 0.0234  2.25637E-05 0.0236
  2.29310E-05 0.0231  2.17996E-05 0.0239  2.29389E-05 0.0241  2.10392E-05 0.0253
  2.03829E-05 0.0256  1.94640E-05 0.0265  1.96021E-05 0.0274  1.80637E-05 0.0274
  1.84190E-05 0.0279  1.71136E-05 0.0292  1.66215E-05 0.0301  1.64630E-05 0.0307
  1.52506E-05 0.0324  1.53283E-05 0.0319  1.45342E-05 0.0325  1.48646E-05 0.0320
  1.42947E-05 0.0328  1.49884E-05 0.0328  1.41405E-05 0.0329  1.25470E-05 0.0348
  1.19349E-05 0.0354  1.12937E-05 0.0366  1.23502E-05 0.0359  1.15733E-05 0.0367
  1.04129E-05 0.0385  1.05836E-05 0.0388  1.03674E-05 0.0391  1.02198E-05 0.0393
  9.21731E-06 0.0414  9.28948E-06 0.0416  8.48306E-06 0.0427  7.67305E-06 0.0456
  8.66938E-06 0.0431  8.33077E-06 0.0440  7.77939E-06 0.0458  7.82352E-06 0.0468
  7.27477E-06 0.0488  6.50376E-06 0.0514  6.38982E-06 0.0516  6.60770E-06 0.0502
  6.38297E-06 0.0531  5.30119E-06 0.0558  5.38706E-06 0.0549  5.54298E-06 0.0540
  5.18680E-06 0.0562  5.13859E-06 0.0570  4.52732E-06 0.0611  5.19041E-06 0.0568
  4.11254E-06 0.0640  4.33422E-06 0.0615  4.26620E-06 0.0629  4.07307E-06 0.0661
  4.14786E-06 0.0659  3.83138E-06 0.0683  3.55577E-06 0.0720  3.37295E-06 0.0751
  3.20791E-06 0.0768  3.22227E-06 0.0761  2.81246E-06 0.0813  3.10296E-06 0.0756
  2.93615E-06 0.0779  2.85869E-06 0.0785  2.52469E-06 0.0824  2.85153E-06 0.0793
  2.33893E-06 0.0874  2.26082E-06 0.0889  2.12954E-06 0.0922  2.84944E-06 0.0817
  2.26335E-06 0.0926  2.31872E-06 0.0921  2.53138E-06 0.0883  1.84719E-06 0.1024
  1.89997E-06 0.1005  1.81229E-06 0.1050  1.72883E-06 0.1039  1.49630E-06 0.1132
  1.73101E-06 0.1063  1.17424E-06 0.1267  1.18233E-03 0.0034
tfc   16       1       1       1       1       1       1     103       1
          64000  1.21164E-03  1.32259E-02  5.39279E+05
         128000  1.19097E-03  9.39808E-03  5.37503E+05
         192000  1.18397E-03  7.71076E-03  5.32814E+05
         256000  1.18709E-03  6.66602E-03  5.32870E+05
         320000  1.18927E-03  5.96285E-03  5.33490E+05
         384000  1.18705E-03  5.45848E-03  5.32254E+05
         448000  1.18484E-03  5.05623E-03  5.31491E+05
         512000  1.18412E-03  4.72849E-03  5.31562E+05
         576000  1.18289E-03  4.45844E-03  5.32328E+05
         640000  1.18292E-03  4.23274E-03  5.31044E+05
         704000  1.18253E-03  4.03338E-03  5.31337E+05
         768000  1.18413E-03  3.86000E-03  5.31039E+05
         832000  1.18286E-03  3.71176E-03  5.29896E+05
         896000  1.18207E-03  3.57856E-03  5.29384E+05
         960000  1.18300E-03  3.45631E-03  5.29618E+05
        1000000  1.18233E-03  3.38860E-03  5.28828E+05
tally   86                   -1    0    0
 1 0 0 0 0 0 0 0 0 0 0 0 0 0 0 0 0 0 0 0 0 0 0 0 0 0 0 0 0 0 0 0 0 0 0 0 0
f        1
     18
d        1
u        0
s        0
m        0
c        0
et     103
  1.00000E-03  1.00000E-01  1.99000E-01  2.98000E-01  3.97000E-01  4.96000E-01
  5.95000E-01  6.94000E-01  7.93000E-01  8.92000E-01  9.91000E-01  1.09000E+00
  1.18900E+00  1.28800E+00  1.38700E+00  1.48600E+00  1.58500E+00  1.68400E+00
  1.78300E+00  1.88200E+00  1.98100E+00  2.08000E+00  2.17900E+00  2.27800E+00
  2.37700E+00  2.47600E+00  2.57500E+00  2.67400E+00  2.77300E+00  2.87200E+00
  2.97100E+00  3.07000E+00  3.16900E+00  3.26800E+00  3.36700E+00  3.46600E+00
  3.56500E+00  3.66400E+00  3.76300E+00  3.86200E+00  3.96100E+00  4.06000E+00
  4.15900E+00  4.25800E+00  4.35700E+00  4.45600E+00  4.55500E+00  4.65400E+00
  4.75300E+00  4.85200E+00  4.95100E+00  5.05000E+00  5.14900E+00  5.24800E+00
  5.34700E+00  5.44600E+00  5.54500E+00  5.64400E+00  5.74300E+00  5.84200E+00
  5.94100E+00  6.04000E+00  6.13900E+00  6.23800E+00  6.33700E+00  6.43600E+00
  6.53500E+00  6.63400E+00  6.73300E+00  6.83200E+00  6.93100E+00  7.03000E+00
  7.12900E+00  7.22800E+00  7.32700E+00  7.42600E+00  7.52500E+00  7.62400E+00
  7.72300E+00  7.82200E+00  7.92100E+00  8.02000E+00  8.11900E+00  8.21800E+00
  8.31700E+00  8.41600E+00  8.51500E+00  8.61400E+00  8.71300E+00  8.81200E+00
  8.91100E+00  9.01000E+00  9.10900E+00  9.20800E+00  9.30700E+00  9.40600E+00
  9.50500E+00  9.60400E+00  9.70300E+00  9.80200E+00  9.90100E+00  1.00000E+01
t        0
vals
  1.22381E-07 0.0134  1.36578E-05 0.0114  1.41223E-05 0.0157  1.37098E-05 0.0181
  1.37732E-05 0.0197  1.39562E-05 0.0210  1.39559E-05 0.0214  1.40202E-05 0.0223
  1.42210E-05 0.0230  1.37705E-05 0.0246  1.32837E-05 0.0250  1.35639E-05 0.0255
  1.38670E-05 0.0257  1.39975E-05 0.0259  1.28955E-05 0.0274  1.43714E-05 0.0266
  1.38411E-05 0.0274  1.40016E-05 0.0279  1.33749E-05 0.0289  1.31606E-05 0.0290
  1.26552E-05 0.0298  1.33114E-05 0.0297  1.33742E-05 0.0297  1.28891E-05 0.0306
  1.31659E-05 0.0299  1.25020E-05 0.0316  1.28160E-05 0.0314  1.22223E-05 0.0328
  1.22129E-05 0.0330  1.10231E-05 0.0353  1.12603E-05 0.0359  1.05721E-05 0.0366
  1.08194E-05 0.0362  9.66658E-06 0.0380  9.72859E-06 0.0390  9.84501E-06 0.0398
  9.13604E-06 0.0409  9.36521E-06 0.0405  8.48628E-06 0.0426  8.74613E-06 0.0419
  8.39933E-06 0.0427  8.52543E-06 0.0432  8.45929E-06 0.0429  7.06088E-06 0.0464
  6.84402E-06 0.0462  6.99261E-06 0.0471  7.41212E-06 0.0453  7.22846E-06 0.0461
  6.06657E-06 0.0501  6.30858E-06 0.0493  6.31199E-06 0.0491  6.29611E-06 0.0503
  5.56204E-06 0.0522  5.73070E-06 0.0527  4.73206E-06 0.0564  4.71146E-06 0.0592
  5.04573E-06 0.0561  5.01611E-06 0.0558  5.02251E-06 0.0566  4.74122E-06 0.0583
  4.20892E-06 0.0614  3.43539E-06 0.0675  3.97645E-06 0.0635  4.23957E-06 0.0623
  3.50365E-06 0.0703  3.08667E-06 0.0718  3.43085E-06 0.0678  3.38355E-06 0.0688
  3.02617E-06 0.0730  3.30085E-06 0.0741  2.74381E-06 0.0773  3.22285E-06 0.0708
  2.72043E-06 0.0773  2.60112E-06 0.0795  2.63669E-06 0.0797  2.60100E-06 0.0810
  2.44944E-06 0.0846  2.29689E-06 0.0876  2.15135E-06 0.0921  2.03084E-06 0.0950
  1.88316E-06 0.0974  2.10665E-06 0.0925  1.83015E-06 0.0995  1.81685E-06 0.0980
  1.71839E-06 0.0995  1.73654E-06 0.1004  1.48850E-06 0.1081  1.83956E-06 0.1038
  1.32364E-06 0.1146  1.35180E-06 0.1140  1.29910E-06 0.1159  1.77447E-06 0.1005
  1.39628E-06 0.1149  1.29317E-06 0.1179  1.48764E-06 0.1118  1.01733E-06 0.1338
  1.08033E-06 0.1297  1.14551E-06 0.1375  1.13216E-06 0.1289  9.54678E-07 0.1391
  1.06691E-06 0.1348  7.08311E-07 0.1583  7.04429E-04 0.0044
tfc   16       1       1       1       1       1       1     103       1
          64000  7.24710E-04  1.72910E-02  3.15518E+05
         128000  7.10320E-04  1.22159E-02  3.18132E+05
         192000  7.03384E-04  1.00522E-02  3.13509E+05
         256000  7.08457E-04  8.67018E-03  3.14991E+05
         320000  7.09378E-04  7.73232E-03  3.17260E+05
         384000  7.08050E-04  7.07060E-03  3.17211E+05
         448000  7.08464E-04  6.56562E-03  3.15209E+05
         512000  7.06848E-04  6.14287E-03  3.14961E+05
         576000  7.06964E-04  5.79679E-03  3.14899E+05
         640000  7.07573E-04  5.49469E-03  3.15128E+05
         704000  7.07408E-04  5.23499E-03  3.15412E+05
         768000  7.07876E-04  5.00579E-03  3.15758E+05
         832000  7.06108E-04  4.81263E-03  3.15201E+05
         896000  7.04840E-04  4.64591E-03  3.14084E+05
         960000  7.05216E-04  4.48990E-03  3.13844E+05
        1000000  7.04429E-04  4.40228E-03  3.13329E+05
