mcnp       6     10/11/22 20:46:07     2          100000        38904823
 MCNP Runfile for                                                               
ntal     2
  156  166
tally  156                   -1    0    2
 0 0 0 0 0 0 0 0 0 0 0 0 0 0 0 0 0 0 0 0 0 0 0 0 0 0 0 0 0 0 1 0 0 0 0 0 0
f        1
     15
d        1
u        0
s        0
m        0
c        0
et     103
  1.00000E-03  1.00000E-01  1.99000E-01  2.98000E-01  3.97000E-01  4.96000E-01
  5.95000E-01  6.94000E-01  7.93000E-01  8.92000E-01  9.91000E-01  1.09000E+00
  1.18900E+00  1.28800E+00  1.38700E+00  1.48600E+00  1.58500E+00  1.68400E+00
  1.78300E+00  1.88200E+00  1.98100E+00  2.08000E+00  2.17900E+00  2.27800E+00
  2.37700E+00  2.47600E+00  2.57500E+00  2.67400E+00  2.77300E+00  2.87200E+00
  2.97100E+00  3.07000E+00  3.16900E+00  3.26800E+00  3.36700E+00  3.46600E+00
  3.56500E+00  3.66400E+00  3.76300E+00  3.86200E+00  3.96100E+00  4.06000E+00
  4.15900E+00  4.25800E+00  4.35700E+00  4.45600E+00  4.55500E+00  4.65400E+00
  4.75300E+00  4.85200E+00  4.95100E+00  5.05000E+00  5.14900E+00  5.24800E+00
  5.34700E+00  5.44600E+00  5.54500E+00  5.64400E+00  5.74300E+00  5.84200E+00
  5.94100E+00  6.04000E+00  6.13900E+00  6.23800E+00  6.33700E+00  6.43600E+00
  6.53500E+00  6.63400E+00  6.73300E+00  6.83200E+00  6.93100E+00  7.03000E+00
  7.12900E+00  7.22800E+00  7.32700E+00  7.42600E+00  7.52500E+00  7.62400E+00
  7.72300E+00  7.82200E+00  7.92100E+00  8.02000E+00  8.11900E+00  8.21800E+00
  8.31700E+00  8.41600E+00  8.51500E+00  8.61400E+00  8.71300E+00  8.81200E+00
  8.91100E+00  9.01000E+00  9.10900E+00  9.20800E+00  9.30700E+00  9.40600E+00
  9.50500E+00  9.60400E+00  9.70300E+00  9.80200E+00  9.90100E+00  1.00000E+01
t        0
vals
  0.00000E+00 0.0000  0.00000E+00 0.0000  0.00000E+00 0.0000  0.00000E+00 0.0000
  0.00000E+00 0.0000  0.00000E+00 0.0000  0.00000E+00 0.0000  0.00000E+00 0.0000
  0.00000E+00 0.0000  0.00000E+00 0.0000  0.00000E+00 0.0000  0.00000E+00 0.0000
  0.00000E+00 0.0000  0.00000E+00 0.0000  0.00000E+00 0.0000  0.00000E+00 0.0000
  0.00000E+00 0.0000  0.00000E+00 0.0000  0.00000E+00 0.0000  0.00000E+00 0.0000
  0.00000E+00 0.0000  1.12493E+01 0.0022  5.08998E-01 0.0025  5.51527E-01 0.0025
  4.64159E-01 0.0027  5.14715E-01 0.0027  4.81879E-01 0.0029  4.32151E-01 0.0029
  4.85348E-01 0.0030  4.62881E-01 0.0031  4.45253E-01 0.0031  4.16290E-01 0.0031
  3.96573E-01 0.0031  4.16173E-01 0.0032  4.03435E-01 0.0033  3.80240E-01 0.0034
  3.93813E-01 0.0035  3.81362E-01 0.0035  3.56530E-01 0.0039  3.80900E-01 0.0038
  3.70467E-01 0.0038  3.24712E-01 0.0043  3.22754E-01 0.0047  3.00089E-01 0.0049
  3.24062E-01 0.0045  3.14411E-01 0.0048  3.35924E-01 0.0048  2.44384E-01 0.0059
  2.88264E-01 0.0053  2.91382E-01 0.0054  2.80333E-01 0.0058  2.32709E-01 0.0065
  2.94062E-01 0.0055  2.37484E-01 0.0064  2.14962E-01 0.0072  2.84242E-01 0.0060
  2.07463E-01 0.0072  2.27020E-01 0.0071  2.36601E-01 0.0067  1.78893E-01 0.0086
  2.52343E-01 0.0069  1.76198E-01 0.0088  2.14897E-01 0.0078  1.89837E-01 0.0080
  1.69115E-01 0.0092  2.24143E-01 0.0079  1.42119E-01 0.0107  2.21459E-01 0.0078
  1.21164E-01 0.0115  1.84493E-01 0.0087  1.29557E-01 0.0111  1.99317E-01 0.0086
  1.14907E-01 0.0119  1.90786E-01 0.0088  1.05978E-01 0.0129  1.47552E-01 0.0106
  1.20733E-01 0.0121  1.41965E-01 0.0118  1.36961E-01 0.0113  1.07017E-01 0.0132
  1.53581E-01 0.0104  8.84147E-02 0.0178  1.30867E-01 0.0115  9.19281E-02 0.0147
  1.21127E-01 0.0127  1.13620E-01 0.0131  8.16544E-02 0.0152  1.36798E-01 0.0116
  6.83351E-02 0.0170  9.52911E-02 0.0154  9.43157E-02 0.0155  7.46169E-02 0.0177
  1.17438E-01 0.0133  6.73436E-02 0.0176  7.19083E-02 0.0170  1.08314E-01 0.0137
  5.29190E-02 0.0199  7.49748E-02 0.0166  7.88429E-02 0.0170  5.72258E-02 0.0218
  8.42014E-02 0.0180  7.15381E-02 0.0178  2.99575E+01 0.0028
tfc   13       1       1       1       1       1       1     103       1
           8000  2.92534E+01  9.98601E-03  5.82464E+05
          16000  2.96693E+01  7.02763E-03  5.84504E+05
          24000  2.97205E+01  5.73032E-03  5.85696E+05
          32000  2.97130E+01  4.96097E-03  5.86518E+05
          40000  2.97803E+01  4.42752E-03  5.87969E+05
          48000  2.98658E+01  4.03470E-03  5.88729E+05
          56000  2.99403E+01  3.72715E-03  5.89148E+05
          64000  2.99189E+01  3.48928E-03  5.88781E+05
          72000  2.99251E+01  3.29239E-03  5.88036E+05
          80000  2.99067E+01  3.12504E-03  5.87985E+05
          88000  2.99467E+01  2.97731E-03  5.88362E+05
          96000  2.99521E+01  2.84975E-03  5.88823E+05
         100000  2.99575E+01  2.79220E-03  5.88667E+05
tally  166                   -1    0    2
 0 0 0 0 0 0 0 0 0 0 0 0 0 0 0 0 0 0 0 0 0 0 0 0 0 0 0 0 0 0 1 0 0 0 0 0 0
f        1
     16
d        1
u        0
s        0
m        0
c        0
et     103
  1.00000E-03  1.00000E-01  1.99000E-01  2.98000E-01  3.97000E-01  4.96000E-01
  5.95000E-01  6.94000E-01  7.93000E-01  8.92000E-01  9.91000E-01  1.09000E+00
  1.18900E+00  1.28800E+00  1.38700E+00  1.48600E+00  1.58500E+00  1.68400E+00
  1.78300E+00  1.88200E+00  1.98100E+00  2.08000E+00  2.17900E+00  2.27800E+00
  2.37700E+00  2.47600E+00  2.57500E+00  2.67400E+00  2.77300E+00  2.87200E+00
  2.97100E+00  3.07000E+00  3.16900E+00  3.26800E+00  3.36700E+00  3.46600E+00
  3.56500E+00  3.66400E+00  3.76300E+00  3.86200E+00  3.96100E+00  4.06000E+00
  4.15900E+00  4.25800E+00  4.35700E+00  4.45600E+00  4.55500E+00  4.65400E+00
  4.75300E+00  4.85200E+00  4.95100E+00  5.05000E+00  5.14900E+00  5.24800E+00
  5.34700E+00  5.44600E+00  5.54500E+00  5.64400E+00  5.74300E+00  5.84200E+00
  5.94100E+00  6.04000E+00  6.13900E+00  6.23800E+00  6.33700E+00  6.43600E+00
  6.53500E+00  6.63400E+00  6.73300E+00  6.83200E+00  6.93100E+00  7.03000E+00
  7.12900E+00  7.22800E+00  7.32700E+00  7.42600E+00  7.52500E+00  7.62400E+00
  7.72300E+00  7.82200E+00  7.92100E+00  8.02000E+00  8.11900E+00  8.21800E+00
  8.31700E+00  8.41600E+00  8.51500E+00  8.61400E+00  8.71300E+00  8.81200E+00
  8.91100E+00  9.01000E+00  9.10900E+00  9.20800E+00  9.30700E+00  9.40600E+00
  9.50500E+00  9.60400E+00  9.70300E+00  9.80200E+00  9.90100E+00  1.00000E+01
t        0
vals
  0.00000E+00 0.0000  0.00000E+00 0.0000  0.00000E+00 0.0000  0.00000E+00 0.0000
  0.00000E+00 0.0000  0.00000E+00 0.0000  0.00000E+00 0.0000  0.00000E+00 0.0000
  0.00000E+00 0.0000  0.00000E+00 0.0000  0.00000E+00 0.0000  0.00000E+00 0.0000
  0.00000E+00 0.0000  0.00000E+00 0.0000  0.00000E+00 0.0000  0.00000E+00 0.0000
  0.00000E+00 0.0000  0.00000E+00 0.0000  0.00000E+00 0.0000  0.00000E+00 0.0000
  0.00000E+00 0.0000  0.00000E+00 0.0000  0.00000E+00 0.0000  0.00000E+00 0.0000
  0.00000E+00 0.0000  0.00000E+00 0.0000  0.00000E+00 0.0000  0.00000E+00 0.0000
  0.00000E+00 0.0000  0.00000E+00 0.0000  0.00000E+00 0.0000  0.00000E+00 0.0000
  0.00000E+00 0.0000  0.00000E+00 0.0000  0.00000E+00 0.0000  0.00000E+00 0.0000
  0.00000E+00 0.0000  0.00000E+00 0.0000  0.00000E+00 0.0000  0.00000E+00 0.0000
  0.00000E+00 0.0000  0.00000E+00 0.0000  0.00000E+00 0.0000  0.00000E+00 0.0000
  0.00000E+00 0.0000  0.00000E+00 0.0000  0.00000E+00 0.0000  0.00000E+00 0.0000
  0.00000E+00 0.0000  0.00000E+00 0.0000  0.00000E+00 0.0000  0.00000E+00 0.0000
  0.00000E+00 0.0000  0.00000E+00 0.0000  0.00000E+00 0.0000  0.00000E+00 0.0000
  0.00000E+00 0.0000  0.00000E+00 0.0000  0.00000E+00 0.0000  0.00000E+00 0.0000
  0.00000E+00 0.0000  0.00000E+00 0.0000  0.00000E+00 0.0000  0.00000E+00 0.0000
  0.00000E+00 0.0000  0.00000E+00 0.0000  0.00000E+00 0.0000  0.00000E+00 0.0000
  0.00000E+00 0.0000  0.00000E+00 0.0000  0.00000E+00 0.0000  0.00000E+00 0.0000
  0.00000E+00 0.0000  0.00000E+00 0.0000  0.00000E+00 0.0000  0.00000E+00 0.0000
  0.00000E+00 0.0000  0.00000E+00 0.0000  0.00000E+00 0.0000  0.00000E+00 0.0000
  0.00000E+00 0.0000  0.00000E+00 0.0000  0.00000E+00 0.0000  0.00000E+00 0.0000
  0.00000E+00 0.0000  0.00000E+00 0.0000  0.00000E+00 0.0000  0.00000E+00 0.0000
  0.00000E+00 0.0000  0.00000E+00 0.0000  0.00000E+00 0.0000  0.00000E+00 0.0000
  0.00000E+00 0.0000  0.00000E+00 0.0000  0.00000E+00 0.0000  0.00000E+00 0.0000
  0.00000E+00 0.0000  0.00000E+00 0.0000  0.00000E+00 0.0000  0.00000E+00 0.0000
  0.00000E+00 0.0000  0.00000E+00 0.0000  0.00000E+00 0.0000
tfc   13       1       1       1       1       1       1     103       1
           8000  0.00000E+00  0.00000E+00  0.00000E+00
          16000  0.00000E+00  0.00000E+00  0.00000E+00
          24000  0.00000E+00  0.00000E+00  0.00000E+00
          32000  0.00000E+00  0.00000E+00  0.00000E+00
          40000  0.00000E+00  0.00000E+00  0.00000E+00
          48000  0.00000E+00  0.00000E+00  0.00000E+00
          56000  0.00000E+00  0.00000E+00  0.00000E+00
          64000  0.00000E+00  0.00000E+00  0.00000E+00
          72000  0.00000E+00  0.00000E+00  0.00000E+00
          80000  0.00000E+00  0.00000E+00  0.00000E+00
          88000  0.00000E+00  0.00000E+00  0.00000E+00
          96000  0.00000E+00  0.00000E+00  0.00000E+00
         100000  0.00000E+00  0.00000E+00  0.00000E+00
