mcnp       6.mpi 11/18/23 21:51:29     2      1000000000    109996145958
 MCNP Runfile for                                                               
ntal     6
    6   36   46   16   26   56
tally    6                   -9    0    2
 1 1 1 0 0 0 0 0 1 0 0 0 0 0 0 0 0 0 0 0 0 0 0 0 0 0 0 0 0 0 1 1 1 1 0 0 1
f        1
    114
d        1
u        0
s        0
m        0
c        0
e        0
t        0
vals
  4.76841E-03 0.0035
tfc    1       1       1       1       1       1       1       1       1
     1000000000  4.76841E-03  3.49825E-03  1.55658E+02
tally   36                   -1    0    0
 1 0 0 0 0 0 0 0 0 0 0 0 0 0 0 0 0 0 0 0 0 0 0 0 0 0 0 0 0 0 0 0 0 0 0 0 0
f        1
    114
d        1
u        0
s        0
m        0
c        0
e        0
t        0
vals
  1.37570E-05 0.0007
tfc    1       1       1       1       1       1       1       1       1
     1000000000  1.37570E-05  6.50892E-04  4.49629E+03
tally   46                   -1    0    0
 0 1 0 0 0 0 0 0 0 0 0 0 0 0 0 0 0 0 0 0 0 0 0 0 0 0 0 0 0 0 0 0 0 0 0 0 0
f        1
    114
d        1
u        0
s        0
m        0
c        0
e        0
t        0
vals
  4.41915E-03 0.0001
tfc    1       1       1       1       1       1       1       1       1
     1000000000  4.41915E-03  0.00000E+00  1.00000E+30
tally   16                   -1    0    0
 0 0 1 0 0 0 0 0 0 0 0 0 0 0 0 0 0 0 0 0 0 0 0 0 0 0 0 0 0 0 0 0 0 0 0 0 0
f        1
    114
d        1
u        0
s        0
m        0
c        0
e        0
t        0
vals
  2.91161E-03 0.0035
tfc    1       1       1       1       1       1       1       1       1
     1000000000  2.91161E-03  3.52127E-03  1.53630E+02
tally   26                   -1    0    0
 0 0 0 0 0 0 0 0 1 0 0 0 0 0 0 0 0 0 0 0 0 0 0 0 0 0 0 0 0 0 0 0 0 0 0 0 0
f        1
    114
d        1
u        0
s        0
m        0
c        0
e        0
t        0
vals
  1.74602E-03 0.0071
tfc    1       1       1       1       1       1       1       1       1
     1000000000  1.74602E-03  7.13023E-03  3.74684E+01
tally   56                   -5    0    0
 0 0 0 0 0 0 0 0 0 0 0 0 0 0 0 0 0 0 0 0 0 0 0 0 0 0 0 0 0 0 1 1 1 1 0 0 1
f        1
    114
d        1
u        0
s        0
m        0
c        0
e        0
t        0
vals
  1.02464E-04 0.0421
tfc    1       1       1       1       1       1       1       1       1
     1000000000  1.02464E-04  4.20565E-02  1.07698E+00
