mcnp       6.mpi 11/18/23 21:40:59     2      1000000000    109995830449
 MCNP Runfile for                                                               
ntal     6
    6   36   46   16   26   56
tally    6                   -9    0    2
 1 1 1 0 0 0 0 0 1 0 0 0 0 0 0 0 0 0 0 0 0 0 0 0 0 0 0 0 0 0 1 1 1 1 0 0 1
f        1
    114
d        1
u        0
s        0
m        0
c        0
e        0
t        0
vals
  4.77256E-03 0.0035
tfc    1       1       1       1       1       1       1       1       1
     1000000000  4.77256E-03  3.53442E-03  1.52175E+02
tally   36                   -1    0    0
 1 0 0 0 0 0 0 0 0 0 0 0 0 0 0 0 0 0 0 0 0 0 0 0 0 0 0 0 0 0 0 0 0 0 0 0 0
f        1
    114
d        1
u        0
s        0
m        0
c        0
e        0
t        0
vals
  1.37511E-05 0.0005
tfc    1       1       1       1       1       1       1       1       1
     1000000000  1.37511E-05  4.90444E-04  7.90318E+03
tally   46                   -1    0    0
 0 1 0 0 0 0 0 0 0 0 0 0 0 0 0 0 0 0 0 0 0 0 0 0 0 0 0 0 0 0 0 0 0 0 0 0 0
f        1
    114
d        1
u        0
s        0
m        0
c        0
e        0
t        0
vals
  4.41915E-03 0.0001
tfc    1       1       1       1       1       1       1       1       1
     1000000000  4.41915E-03  0.00000E+00  1.00000E+30
tally   16                   -1    0    0
 0 0 1 0 0 0 0 0 0 0 0 0 0 0 0 0 0 0 0 0 0 0 0 0 0 0 0 0 0 0 0 0 0 0 0 0 0
f        1
    114
d        1
u        0
s        0
m        0
c        0
e        0
t        0
vals
  2.90760E-03 0.0036
tfc    1       1       1       1       1       1       1       1       1
     1000000000  2.90760E-03  3.57061E-03  1.49106E+02
tally   26                   -1    0    0
 0 0 0 0 0 0 0 0 1 0 0 0 0 0 0 0 0 0 0 0 0 0 0 0 0 0 0 0 0 0 0 0 0 0 0 0 0
f        1
    114
d        1
u        0
s        0
m        0
c        0
e        0
t        0
vals
  1.75219E-03 0.0071
tfc    1       1       1       1       1       1       1       1       1
     1000000000  1.75219E-03  7.14431E-03  3.72442E+01
tally   56                   -5    0    0
 0 0 0 0 0 0 0 0 0 0 0 0 0 0 0 0 0 0 0 0 0 0 0 0 0 0 0 0 0 0 1 1 1 1 0 0 1
f        1
    114
d        1
u        0
s        0
m        0
c        0
e        0
t        0
vals
  1.04778E-04 0.0432
tfc    1       1       1       1       1       1       1       1       1
     1000000000  1.04778E-04  4.32431E-02  1.01659E+00
