mcnp       6.mpi 11/18/23 22:22:03     2      1000000000    109997095337
 MCNP Runfile for                                                               
ntal     6
    6   36   46   16   26   56
tally    6                   -9    0    2
 1 1 1 0 0 0 0 0 1 0 0 0 0 0 0 0 0 0 0 0 0 0 0 0 0 0 0 0 0 0 1 1 1 1 0 0 1
f        1
    114
d        1
u        0
s        0
m        0
c        0
e        0
t        0
vals
  4.74634E-03 0.0033
tfc    1       1       1       1       1       1       1       1       1
     1000000000  4.74634E-03  3.34177E-03  1.71163E+02
tally   36                   -1    0    0
 1 0 0 0 0 0 0 0 0 0 0 0 0 0 0 0 0 0 0 0 0 0 0 0 0 0 0 0 0 0 0 0 0 0 0 0 0
f        1
    114
d        1
u        0
s        0
m        0
c        0
e        0
t        0
vals
  1.37595E-05 0.0006
tfc    1       1       1       1       1       1       1       1       1
     1000000000  1.37595E-05  6.43667E-04  4.61362E+03
tally   46                   -1    0    0
 0 1 0 0 0 0 0 0 0 0 0 0 0 0 0 0 0 0 0 0 0 0 0 0 0 0 0 0 0 0 0 0 0 0 0 0 0
f        1
    114
d        1
u        0
s        0
m        0
c        0
e        0
t        0
vals
  4.41915E-03 0.0001
tfc    1       1       1       1       1       1       1       1       1
     1000000000  4.41915E-03  0.00000E+00  1.00000E+30
tally   16                   -1    0    0
 0 0 1 0 0 0 0 0 0 0 0 0 0 0 0 0 0 0 0 0 0 0 0 0 0 0 0 0 0 0 0 0 0 0 0 0 0
f        1
    114
d        1
u        0
s        0
m        0
c        0
e        0
t        0
vals
  2.91346E-03 0.0032
tfc    1       1       1       1       1       1       1       1       1
     1000000000  2.91346E-03  3.20395E-03  1.86206E+02
tally   26                   -1    0    0
 0 0 0 0 0 0 0 0 1 0 0 0 0 0 0 0 0 0 0 0 0 0 0 0 0 0 0 0 0 0 0 0 0 0 0 0 0
f        1
    114
d        1
u        0
s        0
m        0
c        0
e        0
t        0
vals
  1.72758E-03 0.0071
tfc    1       1       1       1       1       1       1       1       1
     1000000000  1.72758E-03  7.10317E-03  3.78844E+01
tally   56                   -5    0    0
 0 0 0 0 0 0 0 0 0 0 0 0 0 0 0 0 0 0 0 0 0 0 0 0 0 0 0 0 0 0 1 1 1 1 0 0 1
f        1
    114
d        1
u        0
s        0
m        0
c        0
e        0
t        0
vals
  9.67946E-05 0.0389
tfc    1       1       1       1       1       1       1       1       1
     1000000000  9.67946E-05  3.89018E-02  1.26307E+00
