mcnp       6.mpi 11/18/23 23:45:09     2      1000000000    110000880585
 MCNP Runfile for                                                               
ntal     6
    6   36   46   16   26   56
tally    6                   -9    0    2
 1 1 1 0 0 0 0 0 1 0 0 0 0 0 0 0 0 0 0 0 0 0 0 0 0 0 0 0 0 0 1 1 1 1 0 0 1
f        1
    114
d        1
u        0
s        0
m        0
c        0
e        0
t        0
vals
  4.70898E-03 0.0031
tfc    1       1       1       1       1       1       1       1       1
     1000000000  4.70898E-03  3.10235E-03  1.96251E+02
tally   36                   -1    0    0
 1 0 0 0 0 0 0 0 0 0 0 0 0 0 0 0 0 0 0 0 0 0 0 0 0 0 0 0 0 0 0 0 0 0 0 0 0
f        1
    114
d        1
u        0
s        0
m        0
c        0
e        0
t        0
vals
  1.37609E-05 0.0005
tfc    1       1       1       1       1       1       1       1       1
     1000000000  1.37609E-05  5.49996E-04  6.24418E+03
tally   46                   -1    0    0
 0 1 0 0 0 0 0 0 0 0 0 0 0 0 0 0 0 0 0 0 0 0 0 0 0 0 0 0 0 0 0 0 0 0 0 0 0
f        1
    114
d        1
u        0
s        0
m        0
c        0
e        0
t        0
vals
  4.41915E-03 0.0001
tfc    1       1       1       1       1       1       1       1       1
     1000000000  4.41915E-03  0.00000E+00  1.00000E+30
tally   16                   -1    0    0
 0 0 1 0 0 0 0 0 0 0 0 0 0 0 0 0 0 0 0 0 0 0 0 0 0 0 0 0 0 0 0 0 0 0 0 0 0
f        1
    114
d        1
u        0
s        0
m        0
c        0
e        0
t        0
vals
  2.92940E-03 0.0028
tfc    1       1       1       1       1       1       1       1       1
     1000000000  2.92940E-03  2.76928E-03  2.46297E+02
tally   26                   -1    0    0
 0 0 0 0 0 0 0 0 1 0 0 0 0 0 0 0 0 0 0 0 0 0 0 0 0 0 0 0 0 0 0 0 0 0 0 0 0
f        1
    114
d        1
u        0
s        0
m        0
c        0
e        0
t        0
vals
  1.68112E-03 0.0070
tfc    1       1       1       1       1       1       1       1       1
     1000000000  1.68112E-03  7.03318E-03  3.81847E+01
tally   56                   -5    0    0
 0 0 0 0 0 0 0 0 0 0 0 0 0 0 0 0 0 0 0 0 0 0 0 0 0 0 0 0 0 0 1 1 1 1 0 0 1
f        1
    114
d        1
u        0
s        0
m        0
c        0
e        0
t        0
vals
  8.99605E-05 0.0315
tfc    1       1       1       1       1       1       1       1       1
     1000000000  8.99605E-05  3.14880E-02  1.90504E+00
