mcnp       6.mpi 11/18/23 23:24:23     2      1000000000    109999750483
 MCNP Runfile for                                                               
ntal     6
    6   36   46   16   26   56
tally    6                   -9    0    2
 1 1 1 0 0 0 0 0 1 0 0 0 0 0 0 0 0 0 0 0 0 0 0 0 0 0 0 0 0 0 1 1 1 1 0 0 1
f        1
    114
d        1
u        0
s        0
m        0
c        0
e        0
t        0
vals
  4.71502E-03 0.0031
tfc    1       1       1       1       1       1       1       1       1
     1000000000  4.71502E-03  3.14355E-03  1.92273E+02
tally   36                   -1    0    0
 1 0 0 0 0 0 0 0 0 0 0 0 0 0 0 0 0 0 0 0 0 0 0 0 0 0 0 0 0 0 0 0 0 0 0 0 0
f        1
    114
d        1
u        0
s        0
m        0
c        0
e        0
t        0
vals
  1.37588E-05 0.0005
tfc    1       1       1       1       1       1       1       1       1
     1000000000  1.37588E-05  5.38099E-04  6.56198E+03
tally   46                   -1    0    0
 0 1 0 0 0 0 0 0 0 0 0 0 0 0 0 0 0 0 0 0 0 0 0 0 0 0 0 0 0 0 0 0 0 0 0 0 0
f        1
    114
d        1
u        0
s        0
m        0
c        0
e        0
t        0
vals
  4.41915E-03 0.0001
tfc    1       1       1       1       1       1       1       1       1
     1000000000  4.41915E-03  0.00000E+00  1.00000E+30
tally   16                   -1    0    0
 0 0 1 0 0 0 0 0 0 0 0 0 0 0 0 0 0 0 0 0 0 0 0 0 0 0 0 0 0 0 0 0 0 0 0 0 0
f        1
    114
d        1
u        0
s        0
m        0
c        0
e        0
t        0
vals
  2.92356E-03 0.0028
tfc    1       1       1       1       1       1       1       1       1
     1000000000  2.92356E-03  2.83318E-03  2.36707E+02
tally   26                   -1    0    0
 0 0 0 0 0 0 0 0 1 0 0 0 0 0 0 0 0 0 0 0 0 0 0 0 0 0 0 0 0 0 0 0 0 0 0 0 0
f        1
    114
d        1
u        0
s        0
m        0
c        0
e        0
t        0
vals
  1.69224E-03 0.0070
tfc    1       1       1       1       1       1       1       1       1
     1000000000  1.69224E-03  7.04995E-03  3.82285E+01
tally   56                   -5    0    0
 0 0 0 0 0 0 0 0 0 0 0 0 0 0 0 0 0 0 0 0 0 0 0 0 0 0 0 0 0 0 1 1 1 1 0 0 1
f        1
    114
d        1
u        0
s        0
m        0
c        0
e        0
t        0
vals
  9.06073E-05 0.0331
tfc    1       1       1       1       1       1       1       1       1
     1000000000  9.06073E-05  3.30707E-02  1.73730E+00
