mcnp       6     10/11/22 18:39:42     2         1000000        18636426
 MCNP Runfile for                                                               
ntal     2
  156  166
tally  156                   -1    0    0
 1 0 0 0 0 0 0 0 0 0 0 0 0 0 0 0 0 0 0 0 0 0 0 0 0 0 0 0 0 0 0 0 0 0 0 0 0
f        1
     15
d        1
u        0
s        0
m        0
c        0
et     103
  1.00000E-03  1.00000E-01  1.99000E-01  2.98000E-01  3.97000E-01  4.96000E-01
  5.95000E-01  6.94000E-01  7.93000E-01  8.92000E-01  9.91000E-01  1.09000E+00
  1.18900E+00  1.28800E+00  1.38700E+00  1.48600E+00  1.58500E+00  1.68400E+00
  1.78300E+00  1.88200E+00  1.98100E+00  2.08000E+00  2.17900E+00  2.27800E+00
  2.37700E+00  2.47600E+00  2.57500E+00  2.67400E+00  2.77300E+00  2.87200E+00
  2.97100E+00  3.07000E+00  3.16900E+00  3.26800E+00  3.36700E+00  3.46600E+00
  3.56500E+00  3.66400E+00  3.76300E+00  3.86200E+00  3.96100E+00  4.06000E+00
  4.15900E+00  4.25800E+00  4.35700E+00  4.45600E+00  4.55500E+00  4.65400E+00
  4.75300E+00  4.85200E+00  4.95100E+00  5.05000E+00  5.14900E+00  5.24800E+00
  5.34700E+00  5.44600E+00  5.54500E+00  5.64400E+00  5.74300E+00  5.84200E+00
  5.94100E+00  6.04000E+00  6.13900E+00  6.23800E+00  6.33700E+00  6.43600E+00
  6.53500E+00  6.63400E+00  6.73300E+00  6.83200E+00  6.93100E+00  7.03000E+00
  7.12900E+00  7.22800E+00  7.32700E+00  7.42600E+00  7.52500E+00  7.62400E+00
  7.72300E+00  7.82200E+00  7.92100E+00  8.02000E+00  8.11900E+00  8.21800E+00
  8.31700E+00  8.41600E+00  8.51500E+00  8.61400E+00  8.71300E+00  8.81200E+00
  8.91100E+00  9.01000E+00  9.10900E+00  9.20800E+00  9.30700E+00  9.40600E+00
  9.50500E+00  9.60400E+00  9.70300E+00  9.80200E+00  9.90100E+00  1.00000E+01
t        0
vals
  6.53020E-07 0.0383  2.45431E-03 0.0079  6.53367E-03 0.0070  1.01369E-02 0.0067
  1.35056E-02 0.0065  1.60929E-02 0.0065  1.82184E-02 0.0064  2.03138E-02 0.0063
  2.29206E-02 0.0062  2.47969E-02 0.0062  2.67597E-02 0.0063  2.83785E-02 0.0064
  2.89343E-02 0.0063  2.99552E-02 0.0063  2.96427E-02 0.0065  3.02756E-02 0.0065
  3.05695E-02 0.0066  3.17575E-02 0.0066  3.09413E-02 0.0067  3.17662E-02 0.0068
  3.15326E-02 0.0069  3.14564E-02 0.0069  3.10634E-02 0.0070  3.05257E-02 0.0072
  2.95977E-02 0.0073  2.96821E-02 0.0073  2.97897E-02 0.0074  2.95301E-02 0.0075
  2.91932E-02 0.0077  2.83723E-02 0.0078  2.78581E-02 0.0080  2.77861E-02 0.0081
  2.73453E-02 0.0082  2.76965E-02 0.0084  2.72135E-02 0.0086  2.65424E-02 0.0087
  2.54791E-02 0.0089  2.46743E-02 0.0091  2.44095E-02 0.0092  2.31433E-02 0.0095
  2.24821E-02 0.0096  2.17417E-02 0.0097  2.15076E-02 0.0099  2.13655E-02 0.0100
  2.01703E-02 0.0104  1.93342E-02 0.0106  1.89477E-02 0.0107  1.82535E-02 0.0110
  1.72681E-02 0.0112  1.70306E-02 0.0114  1.67611E-02 0.0116  1.65071E-02 0.0118
  1.66024E-02 0.0121  1.50820E-02 0.0123  1.45027E-02 0.0125  1.37251E-02 0.0128
  1.35096E-02 0.0130  1.35378E-02 0.0132  1.25758E-02 0.0137  1.19896E-02 0.0140
  1.20379E-02 0.0142  1.15518E-02 0.0144  1.10771E-02 0.0148  1.04864E-02 0.0152
  1.00502E-02 0.0155  1.02864E-02 0.0158  9.56362E-03 0.0160  9.41433E-03 0.0164
  9.03519E-03 0.0167  8.74450E-03 0.0172  8.45783E-03 0.0173  7.84020E-03 0.0179
  7.63794E-03 0.0183  7.76139E-03 0.0188  7.15342E-03 0.0194  6.92164E-03 0.0196
  6.56177E-03 0.0200  6.27953E-03 0.0203  6.05220E-03 0.0208  5.61729E-03 0.0217
  5.74421E-03 0.0216  5.42085E-03 0.0220  5.10720E-03 0.0226  5.05906E-03 0.0230
  4.82734E-03 0.0238  4.87656E-03 0.0237  4.45900E-03 0.0247  4.32539E-03 0.0251
  4.16857E-03 0.0260  4.05091E-03 0.0265  3.97033E-03 0.0265  3.73107E-03 0.0273
  3.51784E-03 0.0283  3.37510E-03 0.0288  3.27261E-03 0.0293  3.35906E-03 0.0291
  3.12769E-03 0.0303  2.92209E-03 0.0315  2.81533E-03 0.0322  2.71208E-03 0.0331
  2.75784E-03 0.0328  2.42368E-03 0.0350  1.59829E+00 0.0004
tfc   16       1       1       1       1       1       1     103       1
          64000  1.59732E+00  1.73813E-03  4.99428E+07
         128000  1.59778E+00  1.23032E-03  5.01347E+07
         192000  1.59682E+00  1.00483E-03  5.02325E+07
         256000  1.59856E+00  8.69100E-04  5.03879E+07
         320000  1.59838E+00  7.77021E-04  5.04518E+07
         384000  1.59854E+00  7.09019E-04  5.04780E+07
         448000  1.59901E+00  6.56185E-04  5.05106E+07
         512000  1.59888E+00  6.14098E-04  5.01635E+07
         576000  1.59948E+00  5.78472E-04  5.01807E+07
         640000  1.59886E+00  5.49114E-04  5.01412E+07
         704000  1.59928E+00  5.23526E-04  5.01314E+07
         768000  1.59888E+00  5.01343E-04  5.01123E+07
         832000  1.59871E+00  4.81709E-04  5.01472E+07
         896000  1.59860E+00  4.64314E-04  5.01333E+07
         960000  1.59848E+00  4.48702E-04  5.01046E+07
        1000000  1.59829E+00  4.39682E-04  5.00795E+07
tally  166                   -1    0    0
 1 0 0 0 0 0 0 0 0 0 0 0 0 0 0 0 0 0 0 0 0 0 0 0 0 0 0 0 0 0 0 0 0 0 0 0 0
f        1
     16
d        1
u        0
s        0
m        0
c        0
et     103
  1.00000E-03  1.00000E-01  1.99000E-01  2.98000E-01  3.97000E-01  4.96000E-01
  5.95000E-01  6.94000E-01  7.93000E-01  8.92000E-01  9.91000E-01  1.09000E+00
  1.18900E+00  1.28800E+00  1.38700E+00  1.48600E+00  1.58500E+00  1.68400E+00
  1.78300E+00  1.88200E+00  1.98100E+00  2.08000E+00  2.17900E+00  2.27800E+00
  2.37700E+00  2.47600E+00  2.57500E+00  2.67400E+00  2.77300E+00  2.87200E+00
  2.97100E+00  3.07000E+00  3.16900E+00  3.26800E+00  3.36700E+00  3.46600E+00
  3.56500E+00  3.66400E+00  3.76300E+00  3.86200E+00  3.96100E+00  4.06000E+00
  4.15900E+00  4.25800E+00  4.35700E+00  4.45600E+00  4.55500E+00  4.65400E+00
  4.75300E+00  4.85200E+00  4.95100E+00  5.05000E+00  5.14900E+00  5.24800E+00
  5.34700E+00  5.44600E+00  5.54500E+00  5.64400E+00  5.74300E+00  5.84200E+00
  5.94100E+00  6.04000E+00  6.13900E+00  6.23800E+00  6.33700E+00  6.43600E+00
  6.53500E+00  6.63400E+00  6.73300E+00  6.83200E+00  6.93100E+00  7.03000E+00
  7.12900E+00  7.22800E+00  7.32700E+00  7.42600E+00  7.52500E+00  7.62400E+00
  7.72300E+00  7.82200E+00  7.92100E+00  8.02000E+00  8.11900E+00  8.21800E+00
  8.31700E+00  8.41600E+00  8.51500E+00  8.61400E+00  8.71300E+00  8.81200E+00
  8.91100E+00  9.01000E+00  9.10900E+00  9.20800E+00  9.30700E+00  9.40600E+00
  9.50500E+00  9.60400E+00  9.70300E+00  9.80200E+00  9.90100E+00  1.00000E+01
t        0
vals
  6.77151E-07 0.0799  2.13856E-03 0.0126  6.10713E-03 0.0101  1.01272E-02 0.0091
  1.39396E-02 0.0086  1.57239E-02 0.0088  2.01703E-02 0.0079  2.33230E-02 0.0077
  2.65503E-02 0.0074  2.90375E-02 0.0074  3.07010E-02 0.0076  3.22548E-02 0.0077
  3.51050E-02 0.0073  3.67120E-02 0.0073  3.53885E-02 0.0075  3.80548E-02 0.0073
  3.88584E-02 0.0074  4.00781E-02 0.0074  3.97112E-02 0.0075  4.09749E-02 0.0075
  4.05390E-02 0.0076  4.10986E-02 0.0076  4.08905E-02 0.0077  4.04572E-02 0.0078
  3.98730E-02 0.0078  3.97980E-02 0.0079  3.98099E-02 0.0081  3.93535E-02 0.0082
  3.89242E-02 0.0083  3.78426E-02 0.0085  3.74468E-02 0.0086  3.73162E-02 0.0087
  3.64040E-02 0.0089  3.62488E-02 0.0092  3.54585E-02 0.0094  3.44079E-02 0.0096
  3.30943E-02 0.0098  3.22522E-02 0.0099  3.17743E-02 0.0101  3.06932E-02 0.0103
  3.00531E-02 0.0103  2.91557E-02 0.0105  2.92735E-02 0.0105  2.86158E-02 0.0108
  2.70898E-02 0.0112  2.59271E-02 0.0114  2.59291E-02 0.0114  2.49369E-02 0.0117
  2.38346E-02 0.0118  2.33608E-02 0.0121  2.30061E-02 0.0123  2.27091E-02 0.0125
  2.25864E-02 0.0129  2.07937E-02 0.0130  2.01227E-02 0.0132  1.91636E-02 0.0135
  1.86246E-02 0.0137  1.86468E-02 0.0139  1.72930E-02 0.0145  1.66266E-02 0.0147
  1.65633E-02 0.0151  1.60587E-02 0.0151  1.54029E-02 0.0155  1.45858E-02 0.0159
  1.40262E-02 0.0163  1.42454E-02 0.0166  1.33712E-02 0.0168  1.32042E-02 0.0172
  1.26739E-02 0.0175  1.21933E-02 0.0180  1.18684E-02 0.0180  1.10309E-02 0.0187
  1.05577E-02 0.0193  1.07956E-02 0.0197  9.96497E-03 0.0203  9.66873E-03 0.0205
  9.23483E-03 0.0208  8.81718E-03 0.0212  8.49893E-03 0.0217  7.82533E-03 0.0228
  7.94274E-03 0.0227  7.60682E-03 0.0229  7.23000E-03 0.0235  7.16918E-03 0.0239
  6.80932E-03 0.0247  6.83651E-03 0.0247  6.31528E-03 0.0256  6.09020E-03 0.0261
  5.87068E-03 0.0270  5.67147E-03 0.0277  5.62423E-03 0.0275  5.22682E-03 0.0285
  4.95188E-03 0.0295  4.81317E-03 0.0298  4.64564E-03 0.0304  4.79816E-03 0.0301
  4.40000E-03 0.0315  4.09755E-03 0.0328  3.98250E-03 0.0334  3.85287E-03 0.0342
  3.94164E-03 0.0338  3.40423E-03 0.0364  2.08826E+00 0.0007
tfc   16       1       1       1       1       1       1     103       1
          64000  2.08779E+00  2.57180E-03  2.28120E+07
         128000  2.08743E+00  1.82074E-03  2.28916E+07
         192000  2.08602E+00  1.48804E-03  2.29053E+07
         256000  2.08946E+00  1.28633E-03  2.30017E+07
         320000  2.08905E+00  1.15088E-03  2.29974E+07
         384000  2.08826E+00  1.05124E-03  2.29624E+07
         448000  2.09023E+00  9.71871E-04  2.30259E+07
         512000  2.09002E+00  9.09573E-04  2.28659E+07
         576000  2.09065E+00  8.57207E-04  2.28523E+07
         640000  2.08962E+00  8.13681E-04  2.28355E+07
         704000  2.09012E+00  7.75698E-04  2.28350E+07
         768000  2.09003E+00  7.42588E-04  2.28412E+07
         832000  2.08973E+00  7.13504E-04  2.28572E+07
         896000  2.08909E+00  6.87936E-04  2.28378E+07
         960000  2.08862E+00  6.64851E-04  2.28216E+07
        1000000  2.08826E+00  6.51554E-04  2.28054E+07
