mcnp       6     10/12/22 10:15:32     2          100000        40506020
 MCNP Runfile for                                                               
ntal     2
  156  166
tally  156                   -1    0    2
 0 0 0 0 0 0 0 0 1 0 0 0 0 0 0 0 0 0 0 0 0 0 0 0 0 0 0 0 0 0 0 0 0 0 0 0 0
f        1
     15
d        1
u        0
s        0
m        0
c        0
et     103
  1.00000E-03  1.00000E-01  1.99000E-01  2.98000E-01  3.97000E-01  4.96000E-01
  5.95000E-01  6.94000E-01  7.93000E-01  8.92000E-01  9.91000E-01  1.09000E+00
  1.18900E+00  1.28800E+00  1.38700E+00  1.48600E+00  1.58500E+00  1.68400E+00
  1.78300E+00  1.88200E+00  1.98100E+00  2.08000E+00  2.17900E+00  2.27800E+00
  2.37700E+00  2.47600E+00  2.57500E+00  2.67400E+00  2.77300E+00  2.87200E+00
  2.97100E+00  3.07000E+00  3.16900E+00  3.26800E+00  3.36700E+00  3.46600E+00
  3.56500E+00  3.66400E+00  3.76300E+00  3.86200E+00  3.96100E+00  4.06000E+00
  4.15900E+00  4.25800E+00  4.35700E+00  4.45600E+00  4.55500E+00  4.65400E+00
  4.75300E+00  4.85200E+00  4.95100E+00  5.05000E+00  5.14900E+00  5.24800E+00
  5.34700E+00  5.44600E+00  5.54500E+00  5.64400E+00  5.74300E+00  5.84200E+00
  5.94100E+00  6.04000E+00  6.13900E+00  6.23800E+00  6.33700E+00  6.43600E+00
  6.53500E+00  6.63400E+00  6.73300E+00  6.83200E+00  6.93100E+00  7.03000E+00
  7.12900E+00  7.22800E+00  7.32700E+00  7.42600E+00  7.52500E+00  7.62400E+00
  7.72300E+00  7.82200E+00  7.92100E+00  8.02000E+00  8.11900E+00  8.21800E+00
  8.31700E+00  8.41600E+00  8.51500E+00  8.61400E+00  8.71300E+00  8.81200E+00
  8.91100E+00  9.01000E+00  9.10900E+00  9.20800E+00  9.30700E+00  9.40600E+00
  9.50500E+00  9.60400E+00  9.70300E+00  9.80200E+00  9.90100E+00  1.00000E+01
t        0
vals
  0.00000E+00 0.0000  0.00000E+00 0.0000  0.00000E+00 0.0000  0.00000E+00 0.0000
  0.00000E+00 0.0000  0.00000E+00 0.0000  0.00000E+00 0.0000  0.00000E+00 0.0000
  0.00000E+00 0.0000  0.00000E+00 0.0000  0.00000E+00 0.0000  4.32277E-01 0.0036
  5.59969E-01 0.0037  5.56753E-01 0.0038  5.21999E-01 0.0039  5.20995E-01 0.0040
  4.78287E-01 0.0041  4.86865E-01 0.0042  4.65346E-01 0.0043  4.50038E-01 0.0045
  4.63515E-01 0.0046  4.06374E-01 0.0049  4.01859E-01 0.0050  4.11965E-01 0.0051
  3.62429E-01 0.0053  3.74949E-01 0.0054  3.60647E-01 0.0056  3.17139E-01 0.0057
  3.41052E-01 0.0059  3.19582E-01 0.0060  3.13283E-01 0.0060  2.86610E-01 0.0062
  2.68161E-01 0.0063  2.75762E-01 0.0064  2.63801E-01 0.0066  2.46751E-01 0.0068
  2.49330E-01 0.0069  2.37766E-01 0.0071  2.20886E-01 0.0076  2.30984E-01 0.0075
  2.18483E-01 0.0077  1.84470E-01 0.0086  1.91147E-01 0.0089  1.74868E-01 0.0092
  1.82568E-01 0.0090  1.70846E-01 0.0096  1.73058E-01 0.0098  1.38696E-01 0.0110
  1.53354E-01 0.0104  1.46585E-01 0.0109  1.39288E-01 0.0116  1.24298E-01 0.0122
  1.42020E-01 0.0113  1.10568E-01 0.0129  1.10712E-01 0.0138  1.29104E-01 0.0125
  9.76617E-02 0.0144  1.04319E-01 0.0140  9.85080E-02 0.0146  8.70685E-02 0.0164
  1.03988E-01 0.0147  7.76205E-02 0.0171  8.90924E-02 0.0159  7.48305E-02 0.0174
  7.25078E-02 0.0188  8.47698E-02 0.0172  6.09594E-02 0.0202  8.19696E-02 0.0173
  5.07302E-02 0.0222  6.40742E-02 0.0200  5.25509E-02 0.0233  6.90983E-02 0.0200
  4.51649E-02 0.0246  6.31372E-02 0.0207  4.07389E-02 0.0258  4.70082E-02 0.0241
  4.38053E-02 0.0267  4.58048E-02 0.0258  4.52703E-02 0.0257  3.53638E-02 0.0291
  4.84930E-02 0.0247  2.77545E-02 0.0328  3.86497E-02 0.0281  3.19203E-02 0.0329
  3.31479E-02 0.0317  3.55378E-02 0.0304  2.39306E-02 0.0369  3.81990E-02 0.0292
  2.12180E-02 0.0393  2.32145E-02 0.0376  2.84060E-02 0.0358  2.10445E-02 0.0420
  2.80275E-02 0.0359  2.01171E-02 0.0422  1.90244E-02 0.0434  2.60571E-02 0.0370
  1.47497E-02 0.0494  1.73142E-02 0.0456  1.87009E-02 0.0460  1.50362E-02 0.0521
  1.80317E-02 0.0471  1.63710E-02 0.0488  1.55164E+01 0.0053
tfc   13       1       1       1       1       1       1     103       1
           8000  1.53005E+01  1.87976E-02  1.41688E+05
          16000  1.55017E+01  1.32744E-02  1.42882E+05
          24000  1.54241E+01  1.08829E-02  1.42457E+05
          32000  1.54091E+01  9.43367E-03  1.42211E+05
          40000  1.54176E+01  8.43356E-03  1.42375E+05
          48000  1.54497E+01  7.69377E-03  1.42512E+05
          56000  1.55012E+01  7.10417E-03  1.43163E+05
          64000  1.54861E+01  6.65091E-03  1.42857E+05
          72000  1.54996E+01  6.27105E-03  1.42940E+05
          80000  1.54742E+01  5.95699E-03  1.42809E+05
          88000  1.54945E+01  5.67450E-03  1.43092E+05
          96000  1.55070E+01  5.42632E-03  1.43451E+05
         100000  1.55164E+01  5.31831E-03  1.43345E+05
tally  166                   -1    0    2
 0 0 0 0 0 0 0 0 1 0 0 0 0 0 0 0 0 0 0 0 0 0 0 0 0 0 0 0 0 0 0 0 0 0 0 0 0
f        1
     16
d        1
u        0
s        0
m        0
c        0
et     103
  1.00000E-03  1.00000E-01  1.99000E-01  2.98000E-01  3.97000E-01  4.96000E-01
  5.95000E-01  6.94000E-01  7.93000E-01  8.92000E-01  9.91000E-01  1.09000E+00
  1.18900E+00  1.28800E+00  1.38700E+00  1.48600E+00  1.58500E+00  1.68400E+00
  1.78300E+00  1.88200E+00  1.98100E+00  2.08000E+00  2.17900E+00  2.27800E+00
  2.37700E+00  2.47600E+00  2.57500E+00  2.67400E+00  2.77300E+00  2.87200E+00
  2.97100E+00  3.07000E+00  3.16900E+00  3.26800E+00  3.36700E+00  3.46600E+00
  3.56500E+00  3.66400E+00  3.76300E+00  3.86200E+00  3.96100E+00  4.06000E+00
  4.15900E+00  4.25800E+00  4.35700E+00  4.45600E+00  4.55500E+00  4.65400E+00
  4.75300E+00  4.85200E+00  4.95100E+00  5.05000E+00  5.14900E+00  5.24800E+00
  5.34700E+00  5.44600E+00  5.54500E+00  5.64400E+00  5.74300E+00  5.84200E+00
  5.94100E+00  6.04000E+00  6.13900E+00  6.23800E+00  6.33700E+00  6.43600E+00
  6.53500E+00  6.63400E+00  6.73300E+00  6.83200E+00  6.93100E+00  7.03000E+00
  7.12900E+00  7.22800E+00  7.32700E+00  7.42600E+00  7.52500E+00  7.62400E+00
  7.72300E+00  7.82200E+00  7.92100E+00  8.02000E+00  8.11900E+00  8.21800E+00
  8.31700E+00  8.41600E+00  8.51500E+00  8.61400E+00  8.71300E+00  8.81200E+00
  8.91100E+00  9.01000E+00  9.10900E+00  9.20800E+00  9.30700E+00  9.40600E+00
  9.50500E+00  9.60400E+00  9.70300E+00  9.80200E+00  9.90100E+00  1.00000E+01
t        0
vals
  0.00000E+00 0.0000  0.00000E+00 0.0000  0.00000E+00 0.0000  0.00000E+00 0.0000
  0.00000E+00 0.0000  0.00000E+00 0.0000  0.00000E+00 0.0000  0.00000E+00 0.0000
  0.00000E+00 0.0000  0.00000E+00 0.0000  0.00000E+00 0.0000  0.00000E+00 0.0000
  0.00000E+00 0.0000  0.00000E+00 0.0000  0.00000E+00 0.0000  0.00000E+00 0.0000
  0.00000E+00 0.0000  0.00000E+00 0.0000  0.00000E+00 0.0000  0.00000E+00 0.0000
  0.00000E+00 0.0000  0.00000E+00 0.0000  0.00000E+00 0.0000  0.00000E+00 0.0000
  0.00000E+00 0.0000  0.00000E+00 0.0000  0.00000E+00 0.0000  0.00000E+00 0.0000
  0.00000E+00 0.0000  0.00000E+00 0.0000  0.00000E+00 0.0000  0.00000E+00 0.0000
  0.00000E+00 0.0000  0.00000E+00 0.0000  0.00000E+00 0.0000  0.00000E+00 0.0000
  0.00000E+00 0.0000  0.00000E+00 0.0000  0.00000E+00 0.0000  0.00000E+00 0.0000
  0.00000E+00 0.0000  0.00000E+00 0.0000  0.00000E+00 0.0000  0.00000E+00 0.0000
  0.00000E+00 0.0000  0.00000E+00 0.0000  0.00000E+00 0.0000  0.00000E+00 0.0000
  0.00000E+00 0.0000  0.00000E+00 0.0000  0.00000E+00 0.0000  0.00000E+00 0.0000
  0.00000E+00 0.0000  0.00000E+00 0.0000  0.00000E+00 0.0000  0.00000E+00 0.0000
  0.00000E+00 0.0000  0.00000E+00 0.0000  0.00000E+00 0.0000  0.00000E+00 0.0000
  0.00000E+00 0.0000  0.00000E+00 0.0000  0.00000E+00 0.0000  0.00000E+00 0.0000
  0.00000E+00 0.0000  0.00000E+00 0.0000  0.00000E+00 0.0000  0.00000E+00 0.0000
  0.00000E+00 0.0000  0.00000E+00 0.0000  0.00000E+00 0.0000  0.00000E+00 0.0000
  0.00000E+00 0.0000  0.00000E+00 0.0000  0.00000E+00 0.0000  0.00000E+00 0.0000
  0.00000E+00 0.0000  0.00000E+00 0.0000  0.00000E+00 0.0000  0.00000E+00 0.0000
  0.00000E+00 0.0000  0.00000E+00 0.0000  0.00000E+00 0.0000  0.00000E+00 0.0000
  0.00000E+00 0.0000  0.00000E+00 0.0000  0.00000E+00 0.0000  0.00000E+00 0.0000
  0.00000E+00 0.0000  0.00000E+00 0.0000  0.00000E+00 0.0000  0.00000E+00 0.0000
  0.00000E+00 0.0000  0.00000E+00 0.0000  0.00000E+00 0.0000  0.00000E+00 0.0000
  0.00000E+00 0.0000  0.00000E+00 0.0000  0.00000E+00 0.0000  0.00000E+00 0.0000
  0.00000E+00 0.0000  0.00000E+00 0.0000  0.00000E+00 0.0000
tfc   13       1       1       1       1       1       1     103       1
           8000  0.00000E+00  0.00000E+00  0.00000E+00
          16000  0.00000E+00  0.00000E+00  0.00000E+00
          24000  0.00000E+00  0.00000E+00  0.00000E+00
          32000  0.00000E+00  0.00000E+00  0.00000E+00
          40000  0.00000E+00  0.00000E+00  0.00000E+00
          48000  0.00000E+00  0.00000E+00  0.00000E+00
          56000  0.00000E+00  0.00000E+00  0.00000E+00
          64000  0.00000E+00  0.00000E+00  0.00000E+00
          72000  0.00000E+00  0.00000E+00  0.00000E+00
          80000  0.00000E+00  0.00000E+00  0.00000E+00
          88000  0.00000E+00  0.00000E+00  0.00000E+00
          96000  0.00000E+00  0.00000E+00  0.00000E+00
         100000  0.00000E+00  0.00000E+00  0.00000E+00
