mcnp       6     10/11/22 20:19:46     2          100000      3425452902
 MCNP Runfile for                                                               
ntal     2
  156  166
tally  156                   -1    0    2
 0 0 1 0 0 0 0 0 0 0 0 0 0 0 0 0 0 0 0 0 0 0 0 0 0 0 0 0 0 0 0 0 0 0 0 0 0
f        1
     15
d        1
u        0
s        0
m        0
c        0
et     103
  1.00000E-03  1.00000E-01  1.99000E-01  2.98000E-01  3.97000E-01  4.96000E-01
  5.95000E-01  6.94000E-01  7.93000E-01  8.92000E-01  9.91000E-01  1.09000E+00
  1.18900E+00  1.28800E+00  1.38700E+00  1.48600E+00  1.58500E+00  1.68400E+00
  1.78300E+00  1.88200E+00  1.98100E+00  2.08000E+00  2.17900E+00  2.27800E+00
  2.37700E+00  2.47600E+00  2.57500E+00  2.67400E+00  2.77300E+00  2.87200E+00
  2.97100E+00  3.07000E+00  3.16900E+00  3.26800E+00  3.36700E+00  3.46600E+00
  3.56500E+00  3.66400E+00  3.76300E+00  3.86200E+00  3.96100E+00  4.06000E+00
  4.15900E+00  4.25800E+00  4.35700E+00  4.45600E+00  4.55500E+00  4.65400E+00
  4.75300E+00  4.85200E+00  4.95100E+00  5.05000E+00  5.14900E+00  5.24800E+00
  5.34700E+00  5.44600E+00  5.54500E+00  5.64400E+00  5.74300E+00  5.84200E+00
  5.94100E+00  6.04000E+00  6.13900E+00  6.23800E+00  6.33700E+00  6.43600E+00
  6.53500E+00  6.63400E+00  6.73300E+00  6.83200E+00  6.93100E+00  7.03000E+00
  7.12900E+00  7.22800E+00  7.32700E+00  7.42600E+00  7.52500E+00  7.62400E+00
  7.72300E+00  7.82200E+00  7.92100E+00  8.02000E+00  8.11900E+00  8.21800E+00
  8.31700E+00  8.41600E+00  8.51500E+00  8.61400E+00  8.71300E+00  8.81200E+00
  8.91100E+00  9.01000E+00  9.10900E+00  9.20800E+00  9.30700E+00  9.40600E+00
  9.50500E+00  9.60400E+00  9.70300E+00  9.80200E+00  9.90100E+00  1.00000E+01
t        0
vals
  3.14127E-04 0.0150  2.99791E+00 0.0032  2.94614E-01 0.0060  1.90055E-01 0.0080
  1.51212E-01 0.0096  1.34981E-01 0.0111  1.22491E-01 0.0121  1.18956E-01 0.0133
  1.14303E-01 0.0141  1.11842E-01 0.0144  1.09776E-01 0.0153  1.10031E-01 0.0161
  1.09557E-01 0.0168  1.07008E-01 0.0169  1.06856E-01 0.0178  1.08287E-01 0.0181
  1.07058E-01 0.0183  1.08035E-01 0.0177  1.08770E-01 0.0195  1.06260E-01 0.0191
  1.08839E-01 0.0201  1.05381E-01 0.0196  1.07507E-01 0.0203  1.04751E-01 0.0218
  1.05031E-01 0.0215  1.02903E-01 0.0227  1.04933E-01 0.0228  9.74338E-02 0.0231
  9.73787E-02 0.0230  9.83209E-02 0.0247  1.02916E-01 0.0256  1.00878E-01 0.0242
  9.72695E-02 0.0274  9.53577E-02 0.0263  9.17819E-02 0.0260  9.24304E-02 0.0264
  9.37407E-02 0.0263  8.93656E-02 0.0252  8.73686E-02 0.0303  8.80233E-02 0.0291
  8.33468E-02 0.0286  8.28345E-02 0.0287  8.02993E-02 0.0307  7.80230E-02 0.0282
  8.00396E-02 0.0301  7.11665E-02 0.0295  8.00666E-02 0.0331  7.22502E-02 0.0319
  7.03821E-02 0.0320  6.60631E-02 0.0382  7.04897E-02 0.0339  6.90816E-02 0.0339
  6.96718E-02 0.0347  6.25996E-02 0.0371  6.53975E-02 0.0388  6.17141E-02 0.0425
  6.38765E-02 0.0414  6.33953E-02 0.0365  5.66939E-02 0.0394  6.04431E-02 0.0430
  5.38709E-02 0.0433  5.82304E-02 0.0441  5.61757E-02 0.0470  4.78187E-02 0.0452
  5.38265E-02 0.0438  5.33820E-02 0.0465  4.74558E-02 0.0605  4.48356E-02 0.0501
  4.40964E-02 0.0455  4.32591E-02 0.0571  4.41140E-02 0.0508  4.43280E-02 0.0458
  4.17922E-02 0.0502  4.25743E-02 0.0580  4.17803E-02 0.0497  3.82959E-02 0.0533
  3.96524E-02 0.0557  3.56782E-02 0.0526  3.67766E-02 0.0564  3.62765E-02 0.0485
  4.07102E-02 0.0765  3.14387E-02 0.0639  3.14744E-02 0.0711  3.06443E-02 0.0632
  3.26333E-02 0.0572  2.68702E-02 0.0830  2.93137E-02 0.0829  3.03168E-02 0.0697
  2.65384E-02 0.0690  2.63505E-02 0.0634  2.40892E-02 0.0838  2.60883E-02 0.0909
  2.61455E-02 0.0611  2.47834E-02 0.0808  2.30739E-02 0.0794  2.36335E-02 0.0888
  2.02144E-02 0.0645  1.79386E-02 0.0836  1.94014E-02 0.0926  2.08756E-02 0.0701
  2.00912E-02 0.1041  1.58613E-02 0.0819  1.01705E+01 0.0035
tfc   13       1       1       1       1       1       1     103       1
           8000  1.00500E+01  1.25569E-02  1.71074E+04
          16000  1.01791E+01  8.79288E-03  1.71337E+04
          24000  1.00911E+01  7.16719E-03  1.71933E+04
          32000  1.01037E+01  6.22044E-03  1.70550E+04
          40000  1.00779E+01  5.55642E-03  1.71731E+04
          48000  1.01227E+01  5.07633E-03  1.71544E+04
          56000  1.01660E+01  4.70753E-03  1.71449E+04
          64000  1.01568E+01  4.40427E-03  1.71920E+04
          72000  1.01433E+01  4.16245E-03  1.71803E+04
          80000  1.01589E+01  3.95332E-03  1.71502E+04
          88000  1.01744E+01  3.77176E-03  1.70877E+04
          96000  1.01652E+01  3.61698E-03  1.70940E+04
         100000  1.01705E+01  3.54587E-03  1.70678E+04
tally  166                   -1    0    2
 0 0 1 0 0 0 0 0 0 0 0 0 0 0 0 0 0 0 0 0 0 0 0 0 0 0 0 0 0 0 0 0 0 0 0 0 0
f        1
     16
d        1
u        0
s        0
m        0
c        0
et     103
  1.00000E-03  1.00000E-01  1.99000E-01  2.98000E-01  3.97000E-01  4.96000E-01
  5.95000E-01  6.94000E-01  7.93000E-01  8.92000E-01  9.91000E-01  1.09000E+00
  1.18900E+00  1.28800E+00  1.38700E+00  1.48600E+00  1.58500E+00  1.68400E+00
  1.78300E+00  1.88200E+00  1.98100E+00  2.08000E+00  2.17900E+00  2.27800E+00
  2.37700E+00  2.47600E+00  2.57500E+00  2.67400E+00  2.77300E+00  2.87200E+00
  2.97100E+00  3.07000E+00  3.16900E+00  3.26800E+00  3.36700E+00  3.46600E+00
  3.56500E+00  3.66400E+00  3.76300E+00  3.86200E+00  3.96100E+00  4.06000E+00
  4.15900E+00  4.25800E+00  4.35700E+00  4.45600E+00  4.55500E+00  4.65400E+00
  4.75300E+00  4.85200E+00  4.95100E+00  5.05000E+00  5.14900E+00  5.24800E+00
  5.34700E+00  5.44600E+00  5.54500E+00  5.64400E+00  5.74300E+00  5.84200E+00
  5.94100E+00  6.04000E+00  6.13900E+00  6.23800E+00  6.33700E+00  6.43600E+00
  6.53500E+00  6.63400E+00  6.73300E+00  6.83200E+00  6.93100E+00  7.03000E+00
  7.12900E+00  7.22800E+00  7.32700E+00  7.42600E+00  7.52500E+00  7.62400E+00
  7.72300E+00  7.82200E+00  7.92100E+00  8.02000E+00  8.11900E+00  8.21800E+00
  8.31700E+00  8.41600E+00  8.51500E+00  8.61400E+00  8.71300E+00  8.81200E+00
  8.91100E+00  9.01000E+00  9.10900E+00  9.20800E+00  9.30700E+00  9.40600E+00
  9.50500E+00  9.60400E+00  9.70300E+00  9.80200E+00  9.90100E+00  1.00000E+01
t        0
vals
  1.12029E-04 0.0706  1.12107E+00 0.0102  9.43924E-02 0.0297  5.83319E-02 0.0423
  4.04986E-02 0.0543  3.71245E-02 0.0688  2.85454E-02 0.0742  2.77773E-02 0.0814
  2.49146E-02 0.0947  2.47124E-02 0.1019  2.55274E-02 0.1058  2.60291E-02 0.1237
  2.51045E-02 0.1147  2.35448E-02 0.1150  2.17565E-02 0.0953  2.73054E-02 0.1312
  2.02939E-02 0.1560  2.99108E-02 0.1381  2.80436E-02 0.1465  2.79263E-02 0.1319
  2.52481E-02 0.1510  2.21241E-02 0.0899  2.21856E-02 0.1459  2.94004E-02 0.1372
  2.72582E-02 0.1383  2.87957E-02 0.1811  2.61336E-02 0.1091  2.57710E-02 0.1452
  3.19662E-02 0.1582  3.25652E-02 0.1472  2.67589E-02 0.1247  3.61264E-02 0.1246
  2.99691E-02 0.1409  2.88848E-02 0.0835  3.42671E-02 0.1718  2.87517E-02 0.1184
  3.03092E-02 0.1787  3.78050E-02 0.1983  3.41993E-02 0.1727  2.98791E-02 0.1815
  3.26392E-02 0.1611  2.37410E-02 0.1411  2.81353E-02 0.2071  3.20755E-02 0.1776
  3.39021E-02 0.1803  1.97292E-02 0.2003  3.90214E-02 0.1761  2.98911E-02 0.1013
  2.44927E-02 0.1337  2.75685E-02 0.0990  3.61910E-02 0.1712  3.03091E-02 0.1951
  2.65973E-02 0.1187  1.95302E-02 0.1140  2.84912E-02 0.1202  2.44054E-02 0.1426
  2.93231E-02 0.1668  2.33393E-02 0.3154  2.44401E-02 0.1051  2.73725E-02 0.2048
  2.13648E-02 0.1769  2.26258E-02 0.1775  2.47302E-02 0.1688  1.90170E-02 0.2321
  2.64745E-02 0.1271  2.47524E-02 0.0925  3.75700E-02 0.2561  1.91859E-02 0.2819
  2.70267E-02 0.1148  2.56631E-02 0.1929  2.08980E-02 0.1623  2.85527E-02 0.2870
  2.60197E-02 0.1141  2.38604E-02 0.1291  2.57472E-02 0.1095  2.05014E-02 0.1168
  1.71133E-02 0.2636  2.20183E-02 0.4218  2.09276E-02 0.1488  1.82776E-02 0.2439
  1.69940E-02 0.1153  1.83809E-02 0.2009  1.81372E-02 0.2146  1.51037E-02 0.1775
  1.26362E-02 0.2714  2.59668E-02 0.3968  1.10342E-02 0.4425  2.49896E-02 0.2777
  2.34841E-02 0.2861  6.41015E-03 1.0000  2.55411E-02 0.3794  1.83395E-02 0.1287
  1.61827E-02 0.3559  1.58124E-02 0.1556  1.34198E-02 0.2253  2.72472E-02 0.3073
  9.23083E-03 0.2413  1.78194E-02 0.1927  1.37608E-02 0.1622  1.76009E-02 0.3410
  1.85276E-02 0.1944  1.01217E-02 0.3286  3.71158E+00 0.0142
tfc   13       1       1       1       1       1       1     103       1
           8000  3.55650E+00  4.32720E-02  1.44057E+03
          16000  3.77345E+00  3.36070E-02  1.17288E+03
          24000  3.68797E+00  2.72791E-02  1.18685E+03
          32000  3.64513E+00  2.30085E-02  1.24658E+03
          40000  3.61124E+00  2.01512E-02  1.30568E+03
          48000  3.64319E+00  1.96927E-02  1.13990E+03
          56000  3.64749E+00  1.86401E-02  1.09351E+03
          64000  3.67455E+00  1.74733E-02  1.09226E+03
          72000  3.68017E+00  1.65114E-02  1.09184E+03
          80000  3.69815E+00  1.56308E-02  1.09706E+03
          88000  3.72592E+00  1.51547E-02  1.05847E+03
          96000  3.70644E+00  1.44384E-02  1.07275E+03
         100000  3.71158E+00  1.42466E-02  1.05731E+03
