mcnp       6     10/18/22 09:16:55     2          100000         2341970
 MCNP Runfile for                                                               
ntal     2
  166  176
tally  166                   -3    0    2
 1 0 1 0 0 0 0 0 1 0 0 0 0 0 0 0 0 0 0 0 0 0 0 0 0 0 0 0 0 0 0 0 0 0 0 0 0
f        1
     16
d        1
u        0
s        0
m        0
c        0
et     103
  1.00000E-03  1.00000E-01  1.99000E-01  2.98000E-01  3.97000E-01  4.96000E-01
  5.95000E-01  6.94000E-01  7.93000E-01  8.92000E-01  9.91000E-01  1.09000E+00
  1.18900E+00  1.28800E+00  1.38700E+00  1.48600E+00  1.58500E+00  1.68400E+00
  1.78300E+00  1.88200E+00  1.98100E+00  2.08000E+00  2.17900E+00  2.27800E+00
  2.37700E+00  2.47600E+00  2.57500E+00  2.67400E+00  2.77300E+00  2.87200E+00
  2.97100E+00  3.07000E+00  3.16900E+00  3.26800E+00  3.36700E+00  3.46600E+00
  3.56500E+00  3.66400E+00  3.76300E+00  3.86200E+00  3.96100E+00  4.06000E+00
  4.15900E+00  4.25800E+00  4.35700E+00  4.45600E+00  4.55500E+00  4.65400E+00
  4.75300E+00  4.85200E+00  4.95100E+00  5.05000E+00  5.14900E+00  5.24800E+00
  5.34700E+00  5.44600E+00  5.54500E+00  5.64400E+00  5.74300E+00  5.84200E+00
  5.94100E+00  6.04000E+00  6.13900E+00  6.23800E+00  6.33700E+00  6.43600E+00
  6.53500E+00  6.63400E+00  6.73300E+00  6.83200E+00  6.93100E+00  7.03000E+00
  7.12900E+00  7.22800E+00  7.32700E+00  7.42600E+00  7.52500E+00  7.62400E+00
  7.72300E+00  7.82200E+00  7.92100E+00  8.02000E+00  8.11900E+00  8.21800E+00
  8.31700E+00  8.41600E+00  8.51500E+00  8.61400E+00  8.71300E+00  8.81200E+00
  8.91100E+00  9.01000E+00  9.10900E+00  9.20800E+00  9.30700E+00  9.40600E+00
  9.50500E+00  9.60400E+00  9.70300E+00  9.80200E+00  9.90100E+00  1.00000E+01
t        0
vals
  1.06160E-07 0.5533  2.64047E-04 0.0992  6.57127E-04 0.0887  1.10885E-03 0.0816
  1.62925E-03 0.0753  2.26785E-03 0.0678  3.48291E-03 0.0582  4.06293E-03 0.0559
  4.97491E-03 0.0528  5.67154E-03 0.0511  7.44217E-03 0.0459  8.38524E-03 0.1046
  8.58160E-03 0.0453  9.17571E-03 0.0445  9.98320E-03 0.0435  1.08874E-02 0.0425
  1.22435E-02 0.0405  1.24536E-02 0.0409  1.39904E-02 0.0390  1.43973E-02 0.0390
  1.40104E-02 0.0400  1.41701E-02 0.0405  1.55473E-02 0.0390  1.57674E-02 0.0389
  1.55854E-02 0.0394  1.82518E-02 0.0368  1.81695E-02 0.0374  1.68072E-02 0.0393
  1.68662E-02 0.0399  1.75092E-02 0.0398  1.63257E-02 0.0423  1.86584E-02 0.0382
  1.75171E-02 0.0403  1.98973E-02 0.0386  1.80186E-02 0.0414  1.75800E-02 0.0425
  1.78119E-02 0.0425  1.79523E-02 0.0425  1.90324E-02 0.0412  1.80155E-02 0.0424
  1.86579E-02 0.0417  1.81912E-02 0.0422  1.72968E-02 0.0432  1.69128E-02 0.0437
  1.69031E-02 0.0434  1.76031E-02 0.0423  1.69133E-02 0.0433  1.89080E-02 0.0411
  1.82559E-02 0.0419  1.80163E-02 0.0422  1.63042E-02 0.0445  1.74446E-02 0.0432
  1.63419E-02 0.0448  1.71285E-02 0.0438  1.68564E-02 0.0440  1.58901E-02 0.0458
  1.61583E-02 0.0454  1.64508E-02 0.0452  1.55913E-02 0.0465  1.66946E-02 0.0452
  1.63709E-02 0.0457  1.48448E-02 0.0483  1.52488E-02 0.0478  1.56716E-02 0.0476
  1.52461E-02 0.0499  1.53784E-02 0.0480  1.34826E-02 0.0505  1.33643E-02 0.0506
  1.39048E-02 0.0500  1.32977E-02 0.0513  1.34229E-02 0.0511  1.25901E-02 0.0528
  1.24814E-02 0.0530  1.22113E-02 0.0537  1.11863E-02 0.0564  1.14088E-02 0.0572
  1.21577E-02 0.0566  1.27432E-02 0.0555  1.19645E-02 0.0580  1.15025E-02 0.0601
  1.01283E-02 0.0629  1.04315E-02 0.0617  9.83643E-03 0.0633  9.61216E-03 0.0634
  1.02429E-02 0.0607  9.95668E-03 0.0617  1.05828E-02 0.0598  8.59191E-03 0.0666
  8.49337E-03 0.0674  1.01215E-02 0.0621  8.20665E-03 0.0694  9.42789E-03 0.0657
  9.77759E-03 0.0652  8.65666E-03 0.0700  8.13365E-03 0.0726  7.48850E-03 0.0759
  8.19833E-03 0.0719  7.91208E-03 0.0729  7.18304E-03 0.0764  7.05251E-03 0.0771
  7.97547E-03 0.0722  6.92419E-03 0.0774  1.28109E+00 0.0040
tfc   13       1       1       1       1       1       1     103       1
           8000  1.28994E+00  1.48070E-02  4.73382E+06
          16000  1.28685E+00  1.01338E-02  5.34117E+06
          24000  1.27622E+00  8.22569E-03  5.51805E+06
          32000  1.27808E+00  7.05979E-03  5.68579E+06
          40000  1.28458E+00  6.26554E-03  5.80923E+06
          48000  1.28416E+00  5.70836E-03  5.84223E+06
          56000  1.28440E+00  5.27835E-03  5.84044E+06
          64000  1.28192E+00  4.93770E-03  5.85341E+06
          72000  1.28420E+00  4.80621E-03  5.50072E+06
          80000  1.28288E+00  4.54279E-03  5.52230E+06
          88000  1.28295E+00  4.31567E-03  5.56385E+06
          96000  1.28095E+00  4.12382E-03  5.59547E+06
         100000  1.28109E+00  4.03505E-03  5.60860E+06
tally  176                   -3    0    2
 1 0 1 0 0 0 0 0 1 0 0 0 0 0 0 0 0 0 0 0 0 0 0 0 0 0 0 0 0 0 0 0 0 0 0 0 0
f        1
     17
d        1
u        0
s        0
m        0
c        0
et     103
  1.00000E-03  1.00000E-01  1.99000E-01  2.98000E-01  3.97000E-01  4.96000E-01
  5.95000E-01  6.94000E-01  7.93000E-01  8.92000E-01  9.91000E-01  1.09000E+00
  1.18900E+00  1.28800E+00  1.38700E+00  1.48600E+00  1.58500E+00  1.68400E+00
  1.78300E+00  1.88200E+00  1.98100E+00  2.08000E+00  2.17900E+00  2.27800E+00
  2.37700E+00  2.47600E+00  2.57500E+00  2.67400E+00  2.77300E+00  2.87200E+00
  2.97100E+00  3.07000E+00  3.16900E+00  3.26800E+00  3.36700E+00  3.46600E+00
  3.56500E+00  3.66400E+00  3.76300E+00  3.86200E+00  3.96100E+00  4.06000E+00
  4.15900E+00  4.25800E+00  4.35700E+00  4.45600E+00  4.55500E+00  4.65400E+00
  4.75300E+00  4.85200E+00  4.95100E+00  5.05000E+00  5.14900E+00  5.24800E+00
  5.34700E+00  5.44600E+00  5.54500E+00  5.64400E+00  5.74300E+00  5.84200E+00
  5.94100E+00  6.04000E+00  6.13900E+00  6.23800E+00  6.33700E+00  6.43600E+00
  6.53500E+00  6.63400E+00  6.73300E+00  6.83200E+00  6.93100E+00  7.03000E+00
  7.12900E+00  7.22800E+00  7.32700E+00  7.42600E+00  7.52500E+00  7.62400E+00
  7.72300E+00  7.82200E+00  7.92100E+00  8.02000E+00  8.11900E+00  8.21800E+00
  8.31700E+00  8.41600E+00  8.51500E+00  8.61400E+00  8.71300E+00  8.81200E+00
  8.91100E+00  9.01000E+00  9.10900E+00  9.20800E+00  9.30700E+00  9.40600E+00
  9.50500E+00  9.60400E+00  9.70300E+00  9.80200E+00  9.90100E+00  1.00000E+01
t        0
vals
  4.37155E-07 0.0431  3.14113E-04 0.0150  5.46758E-04 0.0170  6.89441E-04 0.0183
  8.30415E-04 0.0193  9.11875E-04 0.0201  1.07803E-03 0.0204  1.19147E-03 0.0207
  1.25038E-03 0.0213  1.36107E-03 0.0213  1.49365E-03 0.0213  1.55114E-03 0.0229
  1.64089E-03 0.0217  1.65168E-03 0.0226  1.72008E-03 0.0226  1.77787E-03 0.0228
  1.87172E-03 0.0227  1.90001E-03 0.0229  1.98149E-03 0.0230  1.98283E-03 0.0234
  1.99887E-03 0.0236  2.06433E-03 0.0237  2.04990E-03 0.0241  2.06644E-03 0.0243
  2.06354E-03 0.0246  2.23432E-03 0.0240  2.30008E-03 0.0240  2.12351E-03 0.0253
  2.16887E-03 0.0253  2.22533E-03 0.0253  2.13300E-03 0.0264  2.13004E-03 0.0261
  2.07839E-03 0.0268  2.21861E-03 0.0267  2.06380E-03 0.0280  2.07910E-03 0.0283
  2.13629E-03 0.0280  2.13483E-03 0.0281  2.12071E-03 0.0284  2.10281E-03 0.0286
  1.96741E-03 0.0296  1.96641E-03 0.0296  1.93325E-03 0.0299  1.89377E-03 0.0302
  1.92575E-03 0.0297  1.81965E-03 0.0310  1.81632E-03 0.0311  1.83782E-03 0.0314
  1.81806E-03 0.0315  1.71241E-03 0.0327  1.61812E-03 0.0335  1.66112E-03 0.0335
  1.53638E-03 0.0349  1.61574E-03 0.0341  1.57622E-03 0.0346  1.54052E-03 0.0351
  1.49353E-03 0.0360  1.51338E-03 0.0357  1.43211E-03 0.0368  1.43439E-03 0.0373
  1.49059E-03 0.0364  1.38248E-03 0.0380  1.41991E-03 0.0377  1.41775E-03 0.0380
  1.50086E-03 0.0378  1.41314E-03 0.0381  1.22226E-03 0.0406  1.19186E-03 0.0411
  1.22708E-03 0.0410  1.15380E-03 0.0424  1.13575E-03 0.0426  1.09103E-03 0.0435
  1.06446E-03 0.0444  1.04824E-03 0.0444  1.02358E-03 0.0450  1.09904E-03 0.0437
  1.03106E-03 0.0467  1.07178E-03 0.0463  1.06408E-03 0.0464  1.08136E-03 0.0464
  9.27485E-04 0.0497  9.32084E-04 0.0495  9.06125E-04 0.0500  8.61560E-04 0.0509
  8.58702E-04 0.0509  8.16297E-04 0.0523  8.85289E-04 0.0506  7.53389E-04 0.0543
  6.97701E-04 0.0569  8.63681E-04 0.0511  7.14963E-04 0.0567  7.78957E-04 0.0553
  7.81721E-04 0.0558  7.30179E-04 0.0576  6.43517E-04 0.0628  6.37052E-04 0.0618
  6.92596E-04 0.0597  6.68948E-04 0.0604  5.96590E-04 0.0636  5.57643E-04 0.0665
  6.10551E-04 0.0634  5.56865E-04 0.0656  1.42952E-01 0.0019
tfc   13       1       1       1       1       1       1     103       1
           8000  1.43255E-01  6.90108E-03  2.17928E+07
          16000  1.43159E-01  4.74254E-03  2.43868E+07
          24000  1.42728E-01  3.79605E-03  2.59099E+07
          32000  1.42607E-01  3.28579E-03  2.62479E+07
          40000  1.42782E-01  2.93191E-03  2.65298E+07
          48000  1.42987E-01  2.71535E-03  2.58195E+07
          56000  1.43203E-01  2.49785E-03  2.60800E+07
          64000  1.43054E-01  2.33846E-03  2.60973E+07
          72000  1.43041E-01  2.20740E-03  2.60773E+07
          80000  1.43056E-01  2.10881E-03  2.56266E+07
          88000  1.42978E-01  2.00209E-03  2.58526E+07
          96000  1.42925E-01  1.91470E-03  2.59558E+07
         100000  1.42952E-01  1.88598E-03  2.56730E+07
