mcnp       6     10/18/22 09:09:06     2          100000        65020859
 MCNP Runfile for                                                               
ntal     2
  166  176
tally  166                   -3    0    2
 1 0 1 0 0 0 0 0 1 0 0 0 0 0 0 0 0 0 0 0 0 0 0 0 0 0 0 0 0 0 0 0 0 0 0 0 0
f        1
     16
d        1
u        0
s        0
m        0
c        0
et     103
  1.00000E-03  1.00000E-01  1.99000E-01  2.98000E-01  3.97000E-01  4.96000E-01
  5.95000E-01  6.94000E-01  7.93000E-01  8.92000E-01  9.91000E-01  1.09000E+00
  1.18900E+00  1.28800E+00  1.38700E+00  1.48600E+00  1.58500E+00  1.68400E+00
  1.78300E+00  1.88200E+00  1.98100E+00  2.08000E+00  2.17900E+00  2.27800E+00
  2.37700E+00  2.47600E+00  2.57500E+00  2.67400E+00  2.77300E+00  2.87200E+00
  2.97100E+00  3.07000E+00  3.16900E+00  3.26800E+00  3.36700E+00  3.46600E+00
  3.56500E+00  3.66400E+00  3.76300E+00  3.86200E+00  3.96100E+00  4.06000E+00
  4.15900E+00  4.25800E+00  4.35700E+00  4.45600E+00  4.55500E+00  4.65400E+00
  4.75300E+00  4.85200E+00  4.95100E+00  5.05000E+00  5.14900E+00  5.24800E+00
  5.34700E+00  5.44600E+00  5.54500E+00  5.64400E+00  5.74300E+00  5.84200E+00
  5.94100E+00  6.04000E+00  6.13900E+00  6.23800E+00  6.33700E+00  6.43600E+00
  6.53500E+00  6.63400E+00  6.73300E+00  6.83200E+00  6.93100E+00  7.03000E+00
  7.12900E+00  7.22800E+00  7.32700E+00  7.42600E+00  7.52500E+00  7.62400E+00
  7.72300E+00  7.82200E+00  7.92100E+00  8.02000E+00  8.11900E+00  8.21800E+00
  8.31700E+00  8.41600E+00  8.51500E+00  8.61400E+00  8.71300E+00  8.81200E+00
  8.91100E+00  9.01000E+00  9.10900E+00  9.20800E+00  9.30700E+00  9.40600E+00
  9.50500E+00  9.60400E+00  9.70300E+00  9.80200E+00  9.90100E+00  1.00000E+01
t        0
vals
  0.00000E+00 0.0000  0.00000E+00 0.0000  0.00000E+00 0.0000  0.00000E+00 0.0000
  0.00000E+00 0.0000  0.00000E+00 0.0000  0.00000E+00 0.0000  0.00000E+00 0.0000
  0.00000E+00 0.0000  0.00000E+00 0.0000  0.00000E+00 0.0000  0.00000E+00 0.0000
  0.00000E+00 0.0000  0.00000E+00 0.0000  0.00000E+00 0.0000  0.00000E+00 0.0000
  0.00000E+00 0.0000  0.00000E+00 0.0000  0.00000E+00 0.0000  0.00000E+00 0.0000
  0.00000E+00 0.0000  0.00000E+00 0.0000  0.00000E+00 0.0000  0.00000E+00 0.0000
  0.00000E+00 0.0000  0.00000E+00 0.0000  0.00000E+00 0.0000  0.00000E+00 0.0000
  0.00000E+00 0.0000  0.00000E+00 0.0000  0.00000E+00 0.0000  0.00000E+00 0.0000
  0.00000E+00 0.0000  0.00000E+00 0.0000  0.00000E+00 0.0000  0.00000E+00 0.0000
  0.00000E+00 0.0000  0.00000E+00 0.0000  0.00000E+00 0.0000  0.00000E+00 0.0000
  0.00000E+00 0.0000  0.00000E+00 0.0000  0.00000E+00 0.0000  0.00000E+00 0.0000
  0.00000E+00 0.0000  0.00000E+00 0.0000  0.00000E+00 0.0000  0.00000E+00 0.0000
  0.00000E+00 0.0000  0.00000E+00 0.0000  0.00000E+00 0.0000  0.00000E+00 0.0000
  0.00000E+00 0.0000  0.00000E+00 0.0000  0.00000E+00 0.0000  0.00000E+00 0.0000
  0.00000E+00 0.0000  0.00000E+00 0.0000  0.00000E+00 0.0000  0.00000E+00 0.0000
  0.00000E+00 0.0000  0.00000E+00 0.0000  0.00000E+00 0.0000  0.00000E+00 0.0000
  0.00000E+00 0.0000  0.00000E+00 0.0000  0.00000E+00 0.0000  0.00000E+00 0.0000
  0.00000E+00 0.0000  0.00000E+00 0.0000  0.00000E+00 0.0000  0.00000E+00 0.0000
  0.00000E+00 0.0000  0.00000E+00 0.0000  0.00000E+00 0.0000  0.00000E+00 0.0000
  0.00000E+00 0.0000  0.00000E+00 0.0000  0.00000E+00 0.0000  0.00000E+00 0.0000
  0.00000E+00 0.0000  0.00000E+00 0.0000  0.00000E+00 0.0000  0.00000E+00 0.0000
  0.00000E+00 0.0000  0.00000E+00 0.0000  0.00000E+00 0.0000  0.00000E+00 0.0000
  0.00000E+00 0.0000  0.00000E+00 0.0000  0.00000E+00 0.0000  0.00000E+00 0.0000
  0.00000E+00 0.0000  0.00000E+00 0.0000  0.00000E+00 0.0000  0.00000E+00 0.0000
  0.00000E+00 0.0000  0.00000E+00 0.0000  0.00000E+00 0.0000  0.00000E+00 0.0000
  0.00000E+00 0.0000  0.00000E+00 0.0000  0.00000E+00 0.0000
tfc   13       1       1       1       1       1       1     103       1
           8000  0.00000E+00  0.00000E+00  0.00000E+00
          16000  0.00000E+00  0.00000E+00  0.00000E+00
          24000  0.00000E+00  0.00000E+00  0.00000E+00
          32000  0.00000E+00  0.00000E+00  0.00000E+00
          40000  0.00000E+00  0.00000E+00  0.00000E+00
          48000  0.00000E+00  0.00000E+00  0.00000E+00
          56000  0.00000E+00  0.00000E+00  0.00000E+00
          64000  0.00000E+00  0.00000E+00  0.00000E+00
          72000  0.00000E+00  0.00000E+00  0.00000E+00
          80000  0.00000E+00  0.00000E+00  0.00000E+00
          88000  0.00000E+00  0.00000E+00  0.00000E+00
          96000  0.00000E+00  0.00000E+00  0.00000E+00
         100000  0.00000E+00  0.00000E+00  0.00000E+00
tally  176                   -3    0    2
 1 0 1 0 0 0 0 0 1 0 0 0 0 0 0 0 0 0 0 0 0 0 0 0 0 0 0 0 0 0 0 0 0 0 0 0 0
f        1
     17
d        1
u        0
s        0
m        0
c        0
et     103
  1.00000E-03  1.00000E-01  1.99000E-01  2.98000E-01  3.97000E-01  4.96000E-01
  5.95000E-01  6.94000E-01  7.93000E-01  8.92000E-01  9.91000E-01  1.09000E+00
  1.18900E+00  1.28800E+00  1.38700E+00  1.48600E+00  1.58500E+00  1.68400E+00
  1.78300E+00  1.88200E+00  1.98100E+00  2.08000E+00  2.17900E+00  2.27800E+00
  2.37700E+00  2.47600E+00  2.57500E+00  2.67400E+00  2.77300E+00  2.87200E+00
  2.97100E+00  3.07000E+00  3.16900E+00  3.26800E+00  3.36700E+00  3.46600E+00
  3.56500E+00  3.66400E+00  3.76300E+00  3.86200E+00  3.96100E+00  4.06000E+00
  4.15900E+00  4.25800E+00  4.35700E+00  4.45600E+00  4.55500E+00  4.65400E+00
  4.75300E+00  4.85200E+00  4.95100E+00  5.05000E+00  5.14900E+00  5.24800E+00
  5.34700E+00  5.44600E+00  5.54500E+00  5.64400E+00  5.74300E+00  5.84200E+00
  5.94100E+00  6.04000E+00  6.13900E+00  6.23800E+00  6.33700E+00  6.43600E+00
  6.53500E+00  6.63400E+00  6.73300E+00  6.83200E+00  6.93100E+00  7.03000E+00
  7.12900E+00  7.22800E+00  7.32700E+00  7.42600E+00  7.52500E+00  7.62400E+00
  7.72300E+00  7.82200E+00  7.92100E+00  8.02000E+00  8.11900E+00  8.21800E+00
  8.31700E+00  8.41600E+00  8.51500E+00  8.61400E+00  8.71300E+00  8.81200E+00
  8.91100E+00  9.01000E+00  9.10900E+00  9.20800E+00  9.30700E+00  9.40600E+00
  9.50500E+00  9.60400E+00  9.70300E+00  9.80200E+00  9.90100E+00  1.00000E+01
t        0
vals
  0.00000E+00 0.0000  0.00000E+00 0.0000  0.00000E+00 0.0000  0.00000E+00 0.0000
  0.00000E+00 0.0000  0.00000E+00 0.0000  0.00000E+00 0.0000  0.00000E+00 0.0000
  0.00000E+00 0.0000  0.00000E+00 0.0000  0.00000E+00 0.0000  1.86117E-01 0.0014
  1.65575E-02 0.0015  1.66625E-02 0.0016  1.58024E-02 0.0017  1.60137E-02 0.0018
  1.48527E-02 0.0018  1.52838E-02 0.0019  1.48044E-02 0.0020  1.45467E-02 0.0021
  1.51573E-02 0.0022  1.35069E-02 0.0024  1.34904E-02 0.0025  1.41211E-02 0.0025
  1.24382E-02 0.0027  1.32449E-02 0.0027  1.27711E-02 0.0028  1.13473E-02 0.0028
  1.25222E-02 0.0030  1.19366E-02 0.0030  1.18168E-02 0.0030  1.09341E-02 0.0030
  1.03585E-02 0.0031  1.08219E-02 0.0032  1.05219E-02 0.0032  9.92301E-03 0.0034
  1.02067E-02 0.0034  9.91265E-03 0.0035  9.31448E-03 0.0038  9.88364E-03 0.0037
  9.58664E-03 0.0038  8.21996E-03 0.0043  8.49411E-03 0.0046  7.94391E-03 0.0047
  8.47200E-03 0.0045  8.11903E-03 0.0048  8.44648E-03 0.0048  6.63081E-03 0.0056
  7.55504E-03 0.0052  7.41037E-03 0.0054  7.16956E-03 0.0058  6.28616E-03 0.0062
  7.50355E-03 0.0055  6.02254E-03 0.0063  5.85904E-03 0.0070  7.20985E-03 0.0060
  5.47368E-03 0.0071  5.85506E-03 0.0068  5.90536E-03 0.0069  4.91589E-03 0.0081
  6.38929E-03 0.0068  4.62928E-03 0.0082  5.55488E-03 0.0074  4.74020E-03 0.0081
  4.62386E-03 0.0088  5.50928E-03 0.0079  3.94252E-03 0.0094  5.51618E-03 0.0078
  3.32776E-03 0.0104  4.52901E-03 0.0089  3.63622E-03 0.0106  4.95324E-03 0.0088
  3.14222E-03 0.0112  4.71988E-03 0.0090  2.95803E-03 0.0116  3.61406E-03 0.0104
  3.32858E-03 0.0117  3.59648E-03 0.0111  3.56182E-03 0.0110  2.76607E-03 0.0126
  3.92481E-03 0.0104  2.30390E-03 0.0139  3.26760E-03 0.0117  2.56899E-03 0.0141
  2.99087E-03 0.0128  2.97698E-03 0.0127  2.17916E-03 0.0150  3.45344E-03 0.0117
  1.81793E-03 0.0164  2.36875E-03 0.0143  2.46857E-03 0.0148  2.02260E-03 0.0166
  2.87236E-03 0.0136  1.84143E-03 0.0170  1.90285E-03 0.0168  2.70616E-03 0.0139
  1.45128E-03 0.0193  1.89049E-03 0.0168  2.03126E-03 0.0172  1.56201E-03 0.0198
  2.08311E-03 0.0169  1.86196E-03 0.0177  8.25534E-01 0.0024
tfc   13       1       1       1       1       1       1     103       1
           8000  8.10085E-01  8.56330E-03  4.30137E+05
          16000  8.20131E-01  6.03998E-03  4.30516E+05
          24000  8.20770E-01  4.92898E-03  4.31287E+05
          32000  8.20485E-01  4.26951E-03  4.31092E+05
          40000  8.22020E-01  3.81232E-03  4.31996E+05
          48000  8.24313E-01  3.47373E-03  4.32837E+05
          56000  8.25729E-01  3.21180E-03  4.33718E+05
          64000  8.25258E-01  3.00561E-03  4.32578E+05
          72000  8.25220E-01  2.83822E-03  4.30457E+05
          80000  8.24577E-01  2.69450E-03  4.29736E+05
          88000  8.25418E-01  2.56850E-03  4.29809E+05
          96000  8.25354E-01  2.45976E-03  4.29630E+05
         100000  8.25534E-01  2.40982E-03  4.29150E+05
